time,left_s0,left_s1,left_e0,left_e1,left_w0,left_w1,left_w2,left_gripper,right_s0,right_s1,right_e0,right_e1,right_w0,right_w1,right_w2,right_gripper
4.262259,-0.29375732088,-0.841004966958,-0.0736310778185,0.991335084171,-0.412640831941,0.921922453519,0.66344669076,100.0,0.00421844716668,-0.546480655684,-0.00460194236366,0.745514662912,0.00421844716668,1.25441278929,-0.00421844716668,100.0
4.262371,-0.29375732088,-0.841004966958,-0.0736310778185,0.991335084171,-0.412640831941,0.921922453519,0.66344669076,100.0,0.00421844716668,-0.546480655684,-0.00460194236366,0.745514662912,0.00421844716668,1.25441278929,-0.00421844716668,100.0
4.272441,-0.302194215213,-0.84330593814,-0.0728640874246,0.992485569762,-0.414558307926,0.930359347853,0.668432128321,100.0,0.00460194236366,-0.545330170093,-0.00345145677274,0.745514662912,0.00421844716668,1.25517977969,-0.00460194236366,100.0
4.282527,-0.309097128759,-0.845223414125,-0.0728640874246,0.99401955055,-0.415708793517,0.938796242186,0.673034070685,100.0,0.00460194236366,-0.546480655684,-0.00383495196971,0.745514662912,0.00421844716668,1.25441278929,-0.00421844716668,100.0
4.292530,-0.317534023092,-0.847907880504,-0.0732475826215,0.995937026535,-0.416475783911,0.947233136519,0.676485527457,100.0,0.00460194236366,-0.54571366529,-0.00345145677274,0.745131167715,0.00421844716668,1.25441278929,-0.00575242795457,100.0
4.302433,-0.324820431835,-0.849825356489,-0.0736310778185,0.997854502519,-0.416859279108,0.954903040459,0.67993698423,100.0,0.00460194236366,-0.54571366529,-0.00306796157577,0.745131167715,0.00345145677274,1.25479628449,-0.00421844716668,100.0
4.312431,-0.333257326168,-0.852509822867,-0.0724805922276,0.999771978504,-0.418009764699,0.962189449201,0.682237955412,100.0,0.00498543756063,-0.546864150881,-0.00460194236366,0.745898158109,0.00460194236366,1.25517977969,-0.00460194236366,100.0
4.322432,-0.339776744517,-0.853660308458,-0.0736310778185,1.00130595929,-0.417242774305,0.969859353141,0.684155431397,100.0,0.00383495196971,-0.546864150881,-0.00383495196971,0.745898158109,0.00498543756063,1.25556327488,-0.00421844716668,100.0
4.332452,-0.34821363885,-0.855577784443,-0.0732475826215,1.00399042567,-0.417626269502,0.976762266686,0.685689412185,100.0,0.00383495196971,-0.54571366529,-0.00345145677274,0.745898158109,0.00383495196971,1.25517977969,-0.00498543756063,100.0
4.342423,-0.355500047592,-0.856728270034,-0.0732475826215,1.00475741606,-0.416859279108,0.982514694641,0.686456402579,100.0,0.00421844716668,-0.546480655684,-0.00306796157577,0.745514662912,0.00421844716668,1.25517977969,-0.00460194236366,100.0
4.352409,-0.36470393232,-0.858645746019,-0.0732475826215,1.00667489205,-0.417626269502,0.987883627398,0.685689412185,100.0,0.00460194236366,-0.54571366529,-0.00383495196971,0.746281653306,0.00421844716668,1.25517977969,-0.00421844716668,100.0
4.362408,-0.372757331456,-0.860563222004,-0.0724805922276,1.00820887284,-0.417242774305,0.993252560156,0.686456402579,100.0,0.00460194236366,-0.546097160487,-0.0026844663788,0.745514662912,0.00460194236366,1.25441278929,-0.00460194236366,100.0
4.372436,-0.380810730593,-0.861713707595,-0.0732475826215,1.01127683441,-0.417242774305,0.998621492913,0.685689412185,100.0,0.00460194236366,-0.546480655684,-0.00421844716668,0.746281653306,0.00383495196971,1.2536457989,-0.00460194236366,100.0
4.382416,-0.389247624926,-0.863631183579,-0.0732475826215,1.0131943104,-0.417626269502,1.00360693047,0.686072907382,100.0,0.00421844716668,-0.54571366529,-0.00345145677274,0.745898158109,0.00460194236366,1.25479628449,-0.00383495196971,100.0
4.392438,-0.396917528865,-0.864398173973,-0.0732475826215,1.01511178638,-0.417242774305,1.00667489205,0.685689412185,100.0,0.00460194236366,-0.546480655684,-0.00345145677274,0.7470486437,0.00421844716668,1.25479628449,-0.00460194236366,100.0
4.402412,-0.404970928002,-0.865165164367,-0.0732475826215,1.01702926237,-0.416859279108,1.01089333922,0.684922421791,100.0,0.00383495196971,-0.546480655684,-0.00383495196971,0.746281653306,0.00421844716668,1.25517977969,-0.00421844716668,100.0
4.412404,-0.413024327138,-0.867082640352,-0.0728640874246,1.02009722394,-0.416859279108,1.0131943104,0.686839897776,100.0,0.00460194236366,-0.54571366529,-0.00345145677274,0.745514662912,0.00421844716668,1.25441278929,-0.00421844716668,100.0
4.422411,-0.420310735881,-0.868233125943,-0.0732475826215,1.02163120473,-0.417242774305,1.01511178638,0.686456402579,100.0,0.00460194236366,-0.546480655684,-0.00345145677274,0.746281653306,0.00460194236366,1.25479628449,-0.00421844716668,100.0
4.432404,-0.429514620608,-0.869000116337,-0.0724805922276,1.02393217591,-0.417242774305,1.01702926237,0.685689412185,100.0,0.00498543756063,-0.546480655684,-0.00345145677274,0.745514662912,0.00383495196971,1.25441278929,-0.00498543756063,100.0
4.442400,-0.43680102935,-0.869767106731,-0.0732475826215,1.02700013749,-0.417242774305,1.01856324316,0.686839897776,100.0,0.00383495196971,-0.546097160487,-0.00460194236366,0.745514662912,0.00460194236366,1.25479628449,-0.00421844716668,100.0
4.452398,-0.445621418881,-0.870150601928,-0.0724805922276,1.02930110867,-0.416859279108,1.01894673835,0.686072907382,100.0,0.00460194236366,-0.54571366529,-0.00306796157577,0.746281653306,0.00421844716668,1.25556327488,-0.00460194236366,100.0
4.462405,-0.45329132282,-0.871684582716,-0.0736310778185,1.03236907025,-0.416859279108,1.01856324316,0.686072907382,100.0,0.00498543756063,-0.546097160487,-0.00345145677274,0.745514662912,0.00460194236366,1.25479628449,-0.00460194236366,100.0
4.472414,-0.461344721957,-0.871684582716,-0.0728640874246,1.03505353663,-0.416859279108,1.01856324316,0.685689412185,100.0,0.00498543756063,-0.546097160487,-0.00306796157577,0.745514662912,0.00421844716668,1.25479628449,-0.00421844716668,100.0
4.482432,-0.469398121093,-0.87245157311,-0.0732475826215,1.03735450781,-0.416859279108,1.01702926237,0.685689412185,100.0,0.00460194236366,-0.546097160487,-0.00421844716668,0.746281653306,0.00421844716668,1.25441278929,-0.00421844716668,100.0
4.492433,-0.478218510623,-0.872835068307,-0.0728640874246,1.04080596458,-0.416859279108,1.01664576717,0.685689412185,100.0,0.00383495196971,-0.546864150881,-0.00383495196971,0.745514662912,0.00421844716668,1.2540292941,-0.00421844716668,100.0
4.502407,-0.487038900154,-0.873602058701,-0.0724805922276,1.04387392616,-0.416475783911,1.01549528158,0.686456402579,100.0,0.00498543756063,-0.545330170093,-0.00421844716668,0.745514662912,0.00421844716668,1.25479628449,-0.00345145677274,100.0
4.512405,-0.494708804093,-0.873602058701,-0.0728640874246,1.04655839253,-0.416475783911,1.01434479599,0.685305916988,100.0,0.00421844716668,-0.54571366529,-0.00345145677274,0.745131167715,0.00498543756063,1.25479628449,-0.00460194236366,100.0
4.522427,-0.502762203229,-0.873985553898,-0.0724805922276,1.04962635411,-0.417242774305,1.0131943104,0.685689412185,100.0,0.00345145677274,-0.54571366529,-0.00345145677274,0.746665148503,0.00421844716668,1.25441278929,-0.00383495196971,100.0
4.532430,-0.511199097563,-0.873985553898,-0.0728640874246,1.05269431569,-0.416475783911,1.01166032961,0.686072907382,100.0,0.00498543756063,-0.546480655684,-0.00345145677274,0.745898158109,0.00421844716668,1.2540292941,-0.00460194236366,100.0
4.542409,-0.518869001502,-0.874369049095,-0.0720970970306,1.05614577246,-0.416092288714,1.00974285363,0.685689412185,100.0,0.00383495196971,-0.546097160487,-0.00383495196971,0.745514662912,0.00421844716668,1.25441278929,-0.00421844716668,100.0
4.552402,-0.526922400639,-0.873602058701,-0.0740145730155,1.05844674364,-0.416092288714,1.00782537764,0.686072907382,100.0,0.00421844716668,-0.54571366529,-0.00345145677274,0.7470486437,0.00306796157577,1.25441278929,-0.00460194236366,100.0
4.562406,-0.535359294972,-0.873985553898,-0.0728640874246,1.063048686,-0.415708793517,1.00514091126,0.685689412185,100.0,0.00460194236366,-0.546864150881,-0.00383495196971,0.746281653306,0.00383495196971,1.25479628449,-0.00421844716668,100.0
4.572427,-0.543412694108,-0.873602058701,-0.0724805922276,1.06650014278,-0.414558307926,1.00322343528,0.685305916988,100.0,0.00421844716668,-0.546097160487,-0.00383495196971,0.745514662912,0.00421844716668,1.25441278929,-0.00421844716668,100.0
4.582409,-0.552233083639,-0.873218563504,-0.0728640874246,1.06918460916,-0.414558307926,0.999388483307,0.685305916988,100.0,0.00421844716668,-0.54571366529,-0.00421844716668,0.746281653306,0.00383495196971,1.25517977969,-0.00421844716668,100.0
4.592411,-0.559135997184,-0.872835068307,-0.0724805922276,1.07378655152,-0.414174812729,0.996704016929,0.685305916988,100.0,0.00421844716668,-0.546097160487,-0.00383495196971,0.745898158109,0.00421844716668,1.25441278929,-0.00460194236366,100.0
4.602404,-0.566805901124,-0.87245157311,-0.0732475826215,1.07800499869,-0.413024327138,0.993252560156,0.686072907382,100.0,0.00421844716668,-0.546480655684,-0.00383495196971,0.745514662912,0.00421844716668,1.25441278929,-0.00421844716668,100.0
4.612402,-0.575242795457,-0.87245157311,-0.0724805922276,1.08183995066,-0.412257336744,0.99018459858,0.684922421791,100.0,0.00421844716668,-0.546480655684,-0.00383495196971,0.746281653306,0.00421844716668,1.25441278929,-0.00460194236366,100.0
4.622402,-0.58367968979,-0.871301087519,-0.0728640874246,1.08605839782,-0.410723355956,0.98634964661,0.685689412185,100.0,0.00421844716668,-0.546097160487,-0.00306796157577,0.745514662912,0.00383495196971,1.25517977969,-0.00421844716668,100.0
4.632399,-0.592883574518,-0.872068077913,-0.0724805922276,1.09066034019,-0.410339860759,0.982514694641,0.685689412185,100.0,0.00383495196971,-0.546097160487,-0.00383495196971,0.744747672518,0.00421844716668,1.25441278929,-0.00460194236366,100.0
4.642409,-0.599786488063,-0.870917592322,-0.0728640874246,1.09526228255,-0.409572870365,0.978296247474,0.684922421791,100.0,0.00460194236366,-0.546097160487,-0.00383495196971,0.745514662912,0.00421844716668,1.25441278929,-0.00498543756063,100.0
4.652428,-0.608990372791,-0.870534097125,-0.0724805922276,1.10024772011,-0.407271899184,0.973310809913,0.684538926594,100.0,0.00421844716668,-0.546097160487,-0.00306796157577,0.745898158109,0.00421844716668,1.25556327488,-0.00460194236366,100.0
4.662409,-0.616276781533,-0.870917592322,-0.0720970970306,1.10600014807,-0.40650490879,0.96870886755,0.683004945806,100.0,0.00498543756063,-0.546864150881,-0.00345145677274,0.745514662912,0.00421844716668,1.25479628449,-0.00421844716668,100.0
4.672408,-0.624330180669,-0.870534097125,-0.0724805922276,1.11136908082,-0.404203937608,0.962189449201,0.683004945806,100.0,0.00383495196971,-0.546097160487,-0.00345145677274,0.745514662912,0.00421844716668,1.25517977969,-0.00460194236366,100.0
4.682402,-0.632383579806,-0.869767106731,-0.0728640874246,1.11635451838,-0.403053452017,0.955286535656,0.681087469821,100.0,0.00421844716668,-0.547247646078,-0.00345145677274,0.746281653306,0.00345145677274,1.25441278929,-0.00421844716668,100.0
4.692424,-0.640436978942,-0.869767106731,-0.0720970970306,1.12325743193,-0.400368985638,0.949534107701,0.681470965018,100.0,0.00421844716668,-0.546097160487,-0.00306796157577,0.746281653306,0.00460194236366,1.25441278929,-0.00460194236366,100.0
4.702408,-0.649257368473,-0.869767106731,-0.0728640874246,1.13016034547,-0.39883500485,0.941097213368,0.679553489033,100.0,0.00460194236366,-0.54571366529,-0.00383495196971,0.745898158109,0.00421844716668,1.25517977969,-0.00498543756063,100.0
4.712405,-0.657310767609,-0.869767106731,-0.0720970970306,1.13706325902,-0.396534033668,0.933810804625,0.676485527457,100.0,0.00421844716668,-0.546097160487,-0.00345145677274,0.745898158109,0.00421844716668,1.25556327488,-0.00421844716668,100.0
4.722431,-0.664980671548,-0.870150601928,-0.0720970970306,1.14243219178,-0.39500005288,0.925757405489,0.675718537064,100.0,0.00421844716668,-0.546097160487,-0.00306796157577,0.745898158109,0.00421844716668,1.25479628449,-0.00460194236366,100.0
4.732454,-0.673417565882,-0.869000116337,-0.0724805922276,1.14971860052,-0.391932091305,0.916553520762,0.673417565882,100.0,0.00498543756063,-0.54571366529,-0.00383495196971,0.746281653306,0.00421844716668,1.25441278929,-0.00498543756063,100.0
4.742454,-0.681854460215,-0.869000116337,-0.0720970970306,1.15700500926,-0.388864129729,0.907733131231,0.670733099503,100.0,0.00498543756063,-0.54571366529,-0.00345145677274,0.746665148503,0.00421844716668,1.25517977969,-0.00421844716668,100.0
4.752446,-0.689907859351,-0.869383611534,-0.0732475826215,1.16390792281,-0.386563158547,0.898145751307,0.668432128321,100.0,0.00460194236366,-0.546480655684,-0.00421844716668,0.745131167715,0.00460194236366,1.25441278929,-0.00383495196971,100.0
4.762413,-0.697961258488,-0.869383611534,-0.0724805922276,1.17157782675,-0.382728206577,0.888558371383,0.666131157139,100.0,0.00383495196971,-0.546097160487,-0.00345145677274,0.746281653306,0.00383495196971,1.25517977969,-0.00460194236366,100.0
4.772410,-0.70524766723,-0.869000116337,-0.0724805922276,1.17848074029,-0.379276749805,0.879354486655,0.661912709973,100.0,0.00460194236366,-0.546480655684,-0.00306796157577,0.745514662912,0.00421844716668,1.25479628449,-0.00498543756063,100.0
4.782401,-0.712150580776,-0.868233125943,-0.0717136018336,1.18615064423,-0.374674807441,0.86861662114,0.658844748397,100.0,0.00383495196971,-0.546097160487,-0.00383495196971,0.745898158109,0.00460194236366,1.25479628449,-0.00421844716668,100.0
4.792408,-0.721354465503,-0.869383611534,-0.0713301066367,1.19535452896,-0.370456360274,0.857495260428,0.655776786821,100.0,0.00460194236366,-0.545330170093,-0.00345145677274,0.745514662912,0.00383495196971,1.25479628449,-0.00383495196971,100.0
4.802414,-0.728640874246,-0.86861662114,-0.0717136018336,1.20225744251,-0.365854417911,0.846373899716,0.651174844457,100.0,0.00383495196971,-0.546097160487,-0.00383495196971,0.746281653306,0.00460194236366,1.25441278929,-0.00421844716668,100.0
4.812412,-0.737077768579,-0.869000116337,-0.0705631162427,1.20992734644,-0.360485485153,0.834869043807,0.648106882882,100.0,0.00383495196971,-0.54571366529,-0.00345145677274,0.745131167715,0.00421844716668,1.2540292941,-0.00575242795457,100.0
4.822430,-0.745131167715,-0.86861662114,-0.0709466114397,1.21836424078,-0.355500047592,0.822597197504,0.643504940518,100.0,0.00460194236366,-0.54571366529,-0.00383495196971,0.746281653306,0.00421844716668,1.25479628449,-0.00460194236366,100.0
4.832432,-0.752801071655,-0.868233125943,-0.0705631162427,1.22603414472,-0.349364124441,0.8103253512,0.639286493351,100.0,0.00460194236366,-0.546097160487,-0.00345145677274,0.745898158109,0.00460194236366,1.2540292941,-0.00498543756063,100.0
4.842409,-0.761237965988,-0.868233125943,-0.0697961258488,1.23562152464,-0.343995191683,0.798820495291,0.635068046185,100.0,0.00383495196971,-0.546480655684,-0.00383495196971,0.745898158109,0.00498543756063,1.2540292941,-0.00383495196971,100.0
4.852406,-0.767757384337,-0.868233125943,-0.0690291354548,1.24290793338,-0.336708782941,0.786548648988,0.630082608624,100.0,0.00460194236366,-0.546480655684,-0.00421844716668,0.746281653306,0.00421844716668,1.25441278929,-0.00421844716668,100.0
4.862432,-0.77619427867,-0.868233125943,-0.0686456402579,1.25057783732,-0.330189364592,0.774660297882,0.625097171063,100.0,0.00383495196971,-0.546480655684,-0.00383495196971,0.744747672518,0.00421844716668,1.25479628449,-0.00421844716668,100.0
4.872470,-0.783097192216,-0.86861662114,-0.0682621450609,1.25939822685,-0.32290295585,0.762771946776,0.620111733503,100.0,0.00460194236366,-0.546480655684,-0.00383495196971,0.745898158109,0.00460194236366,1.25441278929,-0.00421844716668,100.0
4.882436,-0.790767096155,-0.868233125943,-0.067495154667,1.26783512119,-0.315616547107,0.750500100473,0.614359305548,100.0,0.00498543756063,-0.546480655684,-0.00383495196971,0.745898158109,0.00383495196971,1.25479628449,-0.00460194236366,100.0
4.892436,-0.798437000094,-0.86861662114,-0.066344669076,1.27588852032,-0.307946643168,0.739378739761,0.609373867987,100.0,0.00383495196971,-0.54571366529,-0.00345145677274,0.745514662912,0.00383495196971,1.25441278929,-0.00460194236366,100.0
4.902416,-0.805723408837,-0.867466135549,-0.06711165947,1.28470890985,-0.301043729623,0.726723398261,0.603621440033,100.0,0.00460194236366,-0.546097160487,-0.00383495196971,0.746281653306,0.00383495196971,1.25517977969,-0.00460194236366,100.0
4.912404,-0.813393312776,-0.868233125943,-0.0644271930912,1.29391279458,-0.291456349698,0.714451551958,0.597485516881,100.0,0.00460194236366,-0.546480655684,-0.00421844716668,0.745898158109,0.00383495196971,1.25517977969,-0.00383495196971,100.0
4.922405,-0.821446711913,-0.867466135549,-0.0640436978942,1.30196619372,-0.284169940956,0.703330191245,0.591733088927,100.0,0.00345145677274,-0.546097160487,-0.00345145677274,0.745131167715,0.00498543756063,1.25441278929,-0.00421844716668,100.0
4.932411,-0.827966130261,-0.867849630746,-0.0632767075003,1.31078658325,-0.275733046622,0.691441840139,0.585597165775,100.0,0.00421844716668,-0.546097160487,-0.00383495196971,0.746281653306,0.00383495196971,1.2536457989,-0.00460194236366,100.0
4.942430,-0.83448554861,-0.867849630746,-0.0628932123033,1.31999046798,-0.265762171501,0.67993698423,0.579461242624,100.0,0.00383495196971,-0.545330170093,-0.00421844716668,0.745131167715,0.00460194236366,1.25517977969,-0.00460194236366,100.0
4.952427,-0.844072928534,-0.866699145155,-0.0613592315154,1.3291943527,-0.256558286774,0.668432128321,0.574092309866,100.0,0.00421844716668,-0.546480655684,-0.00345145677274,0.745514662912,0.00460194236366,1.2536457989,-0.00460194236366,100.0
4.962412,-0.849825356489,-0.865932154761,-0.0617427267124,1.33686425664,-0.247737897243,0.657694262806,0.567189396321,100.0,0.00421844716668,-0.54571366529,-0.00421844716668,0.745514662912,0.00383495196971,1.25479628449,-0.00460194236366,100.0
4.972412,-0.857111765231,-0.866315649958,-0.0602087459245,1.34568464617,-0.238917507713,0.646956397291,0.560286482775,100.0,0.00421844716668,-0.546864150881,-0.00383495196971,0.745514662912,0.00421844716668,1.25479628449,-0.00383495196971,100.0
4.982411,-0.864398173973,-0.865165164367,-0.0594417555306,1.35412154051,-0.229330127789,0.635451541382,0.55338356923,100.0,0.00460194236366,-0.546097160487,-0.00383495196971,0.746665148503,0.00460194236366,1.2540292941,-0.00421844716668,100.0
4.992408,-0.871301087519,-0.86478166917,-0.0579077747427,1.36255843484,-0.220126243062,0.624330180669,0.546864150881,100.0,0.00460194236366,-0.546097160487,-0.00345145677274,0.7470486437,0.00383495196971,1.25556327488,-0.00345145677274,100.0
5.002402,-0.879354486655,-0.864014678776,-0.0579077747427,1.36984484358,-0.210538863137,0.613975810351,0.541495218124,100.0,0.00421844716668,-0.54571366529,-0.00345145677274,0.745514662912,0.00383495196971,1.25479628449,-0.00460194236366,100.0
5.012400,-0.88510691461,-0.863247688383,-0.0563737939548,1.37828173792,-0.200951483213,0.604388430427,0.534208809381,100.0,0.00421844716668,-0.546480655684,-0.00383495196971,0.745514662912,0.00383495196971,1.2540292941,-0.00383495196971,100.0
5.022399,-0.892393323352,-0.862097202792,-0.0563737939548,1.38595164185,-0.190213617698,0.594801050503,0.52807288623,100.0,0.00460194236366,-0.546097160487,-0.0026844663788,0.746281653306,0.00421844716668,1.25441278929,-0.00498543756063,100.0
5.032422,-0.900446722489,-0.861330212398,-0.0556068035608,1.3932380506,-0.17985924738,0.584830175381,0.522703953472,100.0,0.00460194236366,-0.54571366529,-0.00383495196971,0.745514662912,0.00460194236366,1.25479628449,-0.00498543756063,100.0
5.042410,-0.90658264564,-0.859412736413,-0.0548398131669,1.40282543052,-0.169888372258,0.575626290654,0.519252496699,100.0,0.00421844716668,-0.546097160487,-0.00345145677274,0.746665148503,0.00421844716668,1.25517977969,-0.00421844716668,100.0
5.052409,-0.911951578398,-0.859029241216,-0.053689327576,1.41049533446,-0.160300992334,0.567572891518,0.515801039926,100.0,0.00460194236366,-0.54571366529,-0.00345145677274,0.746665148503,0.00383495196971,1.25517977969,-0.00498543756063,100.0
5.062407,-0.918854491943,-0.857111765231,-0.0525388419851,1.4181652384,-0.15071361241,0.558752501987,0.513500068745,100.0,0.00421844716668,-0.546097160487,-0.00345145677274,0.745514662912,0.00383495196971,1.25479628449,-0.00421844716668,100.0
5.072446,-0.924223424701,-0.855577784443,-0.0521553467881,1.42660213273,-0.139975746895,0.549932112457,0.50774764079,100.0,0.00383495196971,-0.546864150881,-0.00345145677274,0.745898158109,0.00460194236366,1.25441278929,-0.00460194236366,100.0
5.082429,-0.930359347853,-0.854427298852,-0.0510048611972,1.43235456069,-0.129237881379,0.541111722927,0.502762203229,100.0,0.00421844716668,-0.546097160487,-0.00383495196971,0.746281653306,0.00421844716668,1.25479628449,-0.00460194236366,100.0
5.092415,-0.937645756595,-0.85212632767,-0.0498543756063,1.44002446463,-0.119267006258,0.53305832379,0.496242784881,100.0,0.00421844716668,-0.546480655684,-0.00383495196971,0.745898158109,0.00460194236366,1.25479628449,-0.00460194236366,100.0
5.102404,-0.94339818455,-0.850592346882,-0.0487038900154,1.44769436857,-0.108529140743,0.525004924654,0.49125734732,100.0,0.00421844716668,-0.545330170093,-0.00345145677274,0.745898158109,0.00345145677274,1.25517977969,-0.00498543756063,100.0
5.112426,-0.949534107701,-0.848674870898,-0.0487038900154,1.45459728211,-0.0993252560156,0.517718515911,0.487805890548,100.0,0.00421844716668,-0.545330170093,-0.00460194236366,0.745514662912,0.00383495196971,1.25517977969,-0.00460194236366,100.0
5.122411,-0.955670030853,-0.846373899716,-0.0467864140305,1.46188369085,-0.0893543808943,0.508514631184,0.48243695779,100.0,0.00421844716668,-0.546097160487,-0.00421844716668,0.746665148503,0.00421844716668,1.25517977969,-0.00460194236366,100.0
5.132403,-0.96103896361,-0.844456423731,-0.0460194236366,1.4684031092,-0.0782330201822,0.501611717639,0.476301034638,100.0,0.00460194236366,-0.54571366529,-0.00306796157577,0.745131167715,0.00421844716668,1.25441278929,-0.00460194236366,100.0
5.142404,-0.967174886762,-0.841771957352,-0.0444854428487,1.47530602275,-0.067495154667,0.492791328108,0.46978161629,100.0,0.00383495196971,-0.54571366529,-0.00383495196971,0.745514662912,0.00421844716668,1.25441278929,-0.00421844716668,100.0
5.152409,-0.973310809913,-0.838703995776,-0.0437184524547,1.4810584507,-0.0575242795457,0.485504919366,0.46096122676,100.0,0.00498543756063,-0.546097160487,-0.0026844663788,0.745898158109,0.00306796157577,1.25441278929,-0.00460194236366,100.0
5.162445,-0.979063237868,-0.836019529398,-0.0418009764699,1.48719437385,-0.0483203948184,0.477835015426,0.457509769987,100.0,0.00383495196971,-0.546097160487,-0.00421844716668,0.744747672518,0.00383495196971,1.25441278929,-0.00421844716668,100.0
5.172487,-0.984048675428,-0.833718558216,-0.0418009764699,1.49294680181,-0.0410339860759,0.470165111487,0.454441808411,100.0,0.00421844716668,-0.546097160487,-0.00345145677274,0.746281653306,0.00383495196971,1.25479628449,-0.00498543756063,100.0
5.182489,-0.989801103383,-0.829116615852,-0.040650490879,1.49869922976,-0.0333640821365,0.462495207547,0.450223361244,100.0,0.00383495196971,-0.546097160487,-0.00345145677274,0.746281653306,0.00383495196971,1.25479628449,-0.00575242795457,100.0
5.192463,-0.995170036141,-0.824898168685,-0.0379660245002,1.50406816252,-0.0253106830001,0.455208798805,0.447155399669,100.0,0.00383495196971,-0.54571366529,-0.00345145677274,0.746281653306,0.00421844716668,1.25479628449,-0.00460194236366,100.0
5.202458,-1.0005389689,-0.823747683094,-0.0368155389092,1.50982059048,-0.0184077694546,0.447922390063,0.442169962108,100.0,0.00421844716668,-0.546480655684,-0.00345145677274,0.744747672518,0.00421844716668,1.25441278929,-0.00421844716668,100.0
5.212476,-1.00475741606,-0.819529235928,-0.0360485485153,1.51442253284,-0.0111213607122,0.442936952502,0.437184524547,100.0,0.00383495196971,-0.546480655684,-0.00345145677274,0.746281653306,0.00460194236366,1.25441278929,-0.00421844716668,100.0
5.222415,-1.01050984402,-0.815694283958,-0.0337475773335,1.5197914656,-0.0026844663788,0.43680102935,0.432582582184,100.0,0.00421844716668,-0.546097160487,-0.00345145677274,0.745131167715,0.00421844716668,1.25441278929,-0.00421844716668,100.0
5.232410,-1.01396130079,-0.812242827185,-0.0325970917426,1.52400991276,0.00498543756063,0.432199086987,0.426446659032,100.0,0.00383495196971,-0.546480655684,-0.00306796157577,0.745514662912,0.00498543756063,1.25479628449,-0.00421844716668,100.0
5.242425,-1.01856324316,-0.808024380019,-0.0306796157577,1.52784486473,0.0141893222879,0.427213649426,0.422228211865,100.0,0.00421844716668,-0.546097160487,-0.00306796157577,0.745514662912,0.00421844716668,1.25441278929,-0.00498543756063,100.0
5.252411,-1.02393217591,-0.804572923246,-0.0295291301668,1.5320633119,0.0214757310304,0.422611707062,0.417626269502,100.0,0.00460194236366,-0.54571366529,-0.00421844716668,0.746281653306,0.00421844716668,1.25441278929,-0.00575242795457,100.0
5.262408,-1.02815062308,-0.800354476079,-0.0279951493789,1.53513127348,0.0295291301668,0.41916025029,0.412640831941,100.0,0.00460194236366,-0.546097160487,-0.00345145677274,0.745131167715,0.00345145677274,1.25441278929,-0.00383495196971,100.0
5.272408,-1.03236907025,-0.797286514503,-0.026461168591,1.53858273025,0.0368155389092,0.416475783911,0.40650490879,100.0,0.00345145677274,-0.546480655684,-0.00306796157577,0.744747672518,0.00421844716668,1.25441278929,-0.00460194236366,100.0
5.282407,-1.037738003,-0.793068067337,-0.0245436926062,1.54165069182,0.0437184524547,0.414174812729,0.401135976032,100.0,0.00421844716668,-0.546097160487,-0.00383495196971,0.745898158109,0.00421844716668,1.25441278929,-0.00421844716668,100.0
5.292428,-1.04042246938,-0.788082629776,-0.0226262166213,1.5447186534,0.0513883563942,0.412640831941,0.393082576896,100.0,0.00421844716668,-0.546097160487,-0.00345145677274,0.744747672518,0.00421844716668,1.25479628449,-0.00421844716668,100.0
5.302408,-1.04502441175,-0.783864182609,-0.0203252454395,1.54740311978,0.0575242795457,0.411106851153,0.387330148941,100.0,0.00460194236366,-0.546097160487,-0.00421844716668,0.745514662912,0.00421844716668,1.25517977969,-0.00383495196971,100.0
5.312412,-1.04847586852,-0.780412725837,-0.0184077694546,1.54932059576,0.0632767075003,0.411106851153,0.380810730593,100.0,0.00421844716668,-0.546480655684,-0.00345145677274,0.745898158109,0.00498543756063,1.25441278929,-0.00383495196971,100.0
5.322428,-1.05192732529,-0.775810783473,-0.0164902934698,1.55085457655,0.0690291354548,0.410723355956,0.374674807441,100.0,0.00460194236366,-0.54571366529,-0.00306796157577,0.745514662912,0.00345145677274,1.25441278929,-0.00421844716668,100.0
5.332409,-1.05576227726,-0.770441850715,-0.0149563126819,1.55162156695,0.0728640874246,0.41149034635,0.367771893896,100.0,0.00421844716668,-0.546480655684,-0.00383495196971,0.745131167715,0.00498543756063,1.2540292941,-0.00383495196971,100.0
5.342406,-1.05959722923,-0.765839908352,-0.0118883511061,1.55315554773,0.0774660297882,0.412640831941,0.363936941926,100.0,0.00421844716668,-0.546480655684,-0.00345145677274,0.746665148503,0.00421844716668,1.25479628449,-0.00421844716668,100.0
5.352426,-1.063048686,-0.762771946776,-0.00997087512126,1.55392253813,0.0820679721519,0.413791317532,0.356650533183,100.0,0.00460194236366,-0.54571366529,-0.00306796157577,0.745514662912,0.00460194236366,1.25479628449,-0.00498543756063,100.0
5.362428,-1.06534965719,-0.758170004412,-0.00766990393943,1.55507302372,0.0870534097125,0.413791317532,0.350514610032,100.0,0.00383495196971,-0.546097160487,-0.00383495196971,0.745898158109,0.00421844716668,1.25556327488,-0.00460194236366,100.0
5.372404,-1.06918460916,-0.752034081261,-0.00651941834851,1.55545651892,0.0928058376671,0.414941803123,0.343611696486,100.0,0.00421844716668,-0.54571366529,-0.00306796157577,0.745131167715,0.00421844716668,1.25479628449,-0.00460194236366,100.0
5.382408,-1.07148558034,-0.748199129291,-0.00345145677274,1.55584001411,0.0970242848338,0.416475783911,0.338626258926,100.0,0.00383495196971,-0.546864150881,-0.00383495196971,0.745514662912,0.00383495196971,1.25556327488,-0.00421844716668,100.0
5.392411,-1.07378655152,-0.744747672518,-0.00153398078789,1.55584001411,0.10009224641,0.418393259896,0.332106840577,100.0,0.00421844716668,-0.546480655684,-0.00306796157577,0.745898158109,0.00421844716668,1.25441278929,-0.00460194236366,100.0
5.402409,-1.0760875227,-0.740529225352,0.000383495196971,1.55622350931,0.103927198379,0.419927240684,0.32673790782,100.0,0.00421844716668,-0.546097160487,-0.00345145677274,0.745131167715,0.00498543756063,1.2540292941,-0.00460194236366,100.0
5.412412,-1.07877198908,-0.735543787791,0.00191747598486,1.55622350931,0.107762150349,0.421461221472,0.320601984668,100.0,0.00421844716668,-0.546097160487,-0.00306796157577,0.746281653306,0.00421844716668,1.25441278929,-0.00460194236366,100.0
5.422411,-1.08068946507,-0.73055835023,0.00421844716668,1.55545651892,0.110446616728,0.423762192653,0.315616547107,100.0,0.00460194236366,-0.546480655684,-0.00383495196971,0.745898158109,0.00421844716668,1.25441278929,-0.00421844716668,100.0
5.432408,-1.08222344585,-0.726723398261,0.00575242795457,1.55507302372,0.114281568697,0.425296173441,0.310631109547,100.0,0.00460194236366,-0.546864150881,-0.00345145677274,0.744747672518,0.00421844716668,1.25479628449,-0.00498543756063,100.0
5.442412,-1.08490791223,-0.722504951094,0.00766990393943,1.55430603332,0.11773302547,0.426830154229,0.305645671986,100.0,0.00421844716668,-0.546480655684,-0.00306796157577,0.745514662912,0.00460194236366,1.25441278929,-0.00383495196971,100.0
5.452420,-1.08644189302,-0.71790300873,0.00920388472731,1.55392253813,0.119650501455,0.42798063982,0.299893244032,100.0,0.00460194236366,-0.546097160487,-0.00383495196971,0.746281653306,0.00421844716668,1.25441278929,-0.00460194236366,100.0
5.462410,-1.08759237861,-0.714068056761,0.0111213607122,1.55430603332,0.122334967834,0.429514620608,0.296058292062,100.0,0.00421844716668,-0.546097160487,-0.00345145677274,0.746281653306,0.00460194236366,1.25441278929,-0.00575242795457,100.0
5.472421,-1.0895098546,-0.7090826192,0.0126553415001,1.55277205254,0.124252443819,0.431048601396,0.292990330486,100.0,0.00383495196971,-0.546097160487,-0.00383495196971,0.745898158109,0.00383495196971,1.25441278929,-0.00498543756063,100.0
5.482411,-1.0891263594,-0.707165143215,0.0145728174849,1.55200506214,0.126169919804,0.432582582184,0.287621397729,100.0,0.00421844716668,-0.546097160487,-0.00421844716668,0.746281653306,0.00383495196971,1.25479628449,-0.00421844716668,100.0
5.492430,-1.09104383538,-0.702179705655,0.0157233030758,1.55123807175,0.128087395788,0.434116562972,0.282635960168,100.0,0.00498543756063,-0.54571366529,-0.00345145677274,0.745131167715,0.00383495196971,1.25479628449,-0.00460194236366,100.0
5.502427,-1.09181082578,-0.698728248882,0.0176407790607,1.55008758616,0.129621376576,0.434500058169,0.278034017804,100.0,0.00421844716668,-0.54571366529,-0.00383495196971,0.745898158109,0.00421844716668,1.25441278929,-0.00498543756063,100.0
5.512414,-1.09257781617,-0.694509801715,0.0180242742577,1.54932059576,0.129621376576,0.435650543759,0.275733046622,100.0,0.00498543756063,-0.546480655684,-0.00306796157577,0.745898158109,0.00421844716668,1.25441278929,-0.00575242795457,100.0
5.522423,-1.09219432097,-0.691058344942,0.0203252454395,1.54893710057,0.131155357364,0.436034038956,0.273048580244,100.0,0.00460194236366,-0.546480655684,-0.00345145677274,0.746281653306,0.00421844716668,1.25479628449,-0.00421844716668,100.0
5.532408,-1.09257781617,-0.688757373761,0.0222427214243,1.54855360537,0.131155357364,0.436417534153,0.268063142683,100.0,0.00383495196971,-0.546480655684,-0.00421844716668,0.746665148503,0.00421844716668,1.25479628449,-0.00421844716668,100.0
5.542430,-1.09296131137,-0.684922421791,0.0241601974092,1.54778661498,0.130771862167,0.436034038956,0.26461168591,100.0,0.00421844716668,-0.54571366529,-0.00345145677274,0.745898158109,0.00421844716668,1.25441278929,-0.00383495196971,100.0
5.552414,-1.09257781617,-0.683004945806,0.0245436926062,1.54663612939,0.131155357364,0.43680102935,0.261543724334,100.0,0.00498543756063,-0.546097160487,-0.00383495196971,0.745514662912,0.00383495196971,1.25479628449,-0.00460194236366,100.0
5.562411,-1.09296131137,-0.679169993836,0.026461168591,1.54586913899,0.130004871773,0.436417534153,0.258859257956,100.0,0.00383495196971,-0.546097160487,-0.00383495196971,0.745898158109,0.00460194236366,1.25479628449,-0.00460194236366,100.0
5.572407,-1.09334480657,-0.677636013048,0.0287621397729,1.5447186534,0.129237881379,0.436417534153,0.255024305986,100.0,0.00421844716668,-0.546480655684,-0.00383495196971,0.745514662912,0.00345145677274,1.25441278929,-0.00421844716668,100.0
5.582420,-1.09334480657,-0.673801061079,0.0291456349698,1.54395166301,0.129237881379,0.436417534153,0.251572849213,100.0,0.00383495196971,-0.546097160487,-0.00306796157577,0.745898158109,0.00345145677274,1.25479628449,-0.00421844716668,100.0
5.592429,-1.09296131137,-0.671883585094,0.0302961205607,1.54356816781,0.130004871773,0.436034038956,0.247354402047,100.0,0.00383495196971,-0.546480655684,-0.00383495196971,0.745898158109,0.00383495196971,1.25479628449,-0.00498543756063,100.0
5.602398,-1.09334480657,-0.668048633124,0.0329805869395,1.54318467261,0.129621376576,0.436417534153,0.244286440471,100.0,0.00421844716668,-0.54571366529,-0.00421844716668,0.745898158109,0.00383495196971,1.25441278929,-0.00421844716668,100.0
5.612426,-1.09296131137,-0.666898147533,0.0337475773335,1.54241768222,0.129621376576,0.436034038956,0.240834983698,100.0,0.00421844716668,-0.546097160487,-0.00306796157577,0.744747672518,0.00460194236366,1.25517977969,-0.00498543756063,100.0
5.622409,-1.09296131137,-0.664213681154,0.0341310725305,1.54088370143,0.129237881379,0.435650543759,0.236616536531,100.0,0.00421844716668,-0.546097160487,-0.00383495196971,0.744747672518,0.00421844716668,1.25594677008,-0.00460194236366,100.0
5.632410,-1.09257781617,-0.661529214776,0.0352815581214,1.54088370143,0.129237881379,0.436417534153,0.232398089365,100.0,0.00383495196971,-0.54571366529,-0.00306796157577,0.745131167715,0.00421844716668,1.25479628449,-0.00460194236366,100.0
5.642431,-1.09142733058,-0.659995233988,0.0371990341062,1.54011671104,0.129621376576,0.436034038956,0.229713622986,100.0,0.00460194236366,-0.546097160487,-0.00345145677274,0.745898158109,0.00383495196971,1.25441278929,-0.00460194236366,100.0
5.652422,-1.09104383538,-0.658844748397,0.0375825293032,1.53858273025,0.129237881379,0.435650543759,0.22664566141,100.0,0.00421844716668,-0.546097160487,-0.00421844716668,0.745514662912,0.00421844716668,1.2540292941,-0.00383495196971,100.0
5.662407,-1.09066034019,-0.657310767609,0.0383495196971,1.53781573986,0.129237881379,0.435267048562,0.222427214243,100.0,0.00383495196971,-0.546097160487,-0.00421844716668,0.745898158109,0.00345145677274,1.25517977969,-0.00460194236366,100.0
5.672407,-1.09027684499,-0.654242806033,0.039883500485,1.53704874946,0.129621376576,0.436034038956,0.219742747865,100.0,0.00421844716668,-0.546864150881,-0.00421844716668,0.745898158109,0.00383495196971,1.25441278929,-0.00460194236366,100.0
5.682427,-1.088359369,-0.653475815639,0.040266995682,1.53589826387,0.129237881379,0.434883553366,0.216291291092,100.0,0.00498543756063,-0.546097160487,-0.00306796157577,0.745898158109,0.00345145677274,1.25517977969,-0.00383495196971,100.0
5.692427,-1.0887428642,-0.652708825245,0.040650490879,1.53436428308,0.129621376576,0.435650543759,0.213223329516,100.0,0.00421844716668,-0.54571366529,-0.00345145677274,0.745898158109,0.00421844716668,1.25441278929,-0.00460194236366,100.0
5.702410,-1.08720888341,-0.65079134926,0.0414174812729,1.53321379749,0.129621376576,0.436034038956,0.210538863137,100.0,0.00460194236366,-0.546480655684,-0.00383495196971,0.746281653306,0.00421844716668,1.25479628449,-0.00345145677274,100.0
5.712411,-1.08682538822,-0.648490378079,0.0410339860759,1.53283030229,0.130004871773,0.435650543759,0.207470901562,100.0,0.00460194236366,-0.546864150881,-0.00345145677274,0.745131167715,0.00383495196971,1.2540292941,-0.00498543756063,100.0
5.722440,-1.08529140743,-0.647723387685,0.0418009764699,1.5316798167,0.129621376576,0.436034038956,0.204402939986,100.0,0.00421844716668,-0.54571366529,-0.00383495196971,0.745514662912,0.00460194236366,1.2536457989,-0.00421844716668,100.0
5.732431,-1.08490791223,-0.647339892488,0.0414174812729,1.53129632151,0.129621376576,0.436034038956,0.202101968804,100.0,0.00383495196971,-0.546864150881,-0.00421844716668,0.746281653306,0.00421844716668,1.25441278929,-0.00421844716668,100.0
5.742408,-1.08375742664,-0.645422416503,0.0414174812729,1.53052933111,0.129621376576,0.435650543759,0.199800997622,100.0,0.00421844716668,-0.546097160487,-0.00383495196971,0.746665148503,0.00421844716668,1.25441278929,-0.00421844716668,100.0
5.752410,-1.08183995066,-0.645422416503,0.0418009764699,1.52937884552,0.129621376576,0.435650543759,0.19750002644,100.0,0.00421844716668,-0.54571366529,-0.00306796157577,0.745898158109,0.00383495196971,1.2536457989,-0.00421844716668,100.0
5.762427,-1.08145645546,-0.645038921306,0.0410339860759,1.52899535032,0.129237881379,0.435267048562,0.194432064864,100.0,0.00421844716668,-0.546480655684,-0.00421844716668,0.746281653306,0.00383495196971,1.25556327488,-0.00383495196971,100.0
5.772411,-1.07953897947,-0.643504940518,0.040650490879,1.52861185513,0.129621376576,0.436034038956,0.192131093683,100.0,0.00421844716668,-0.546097160487,-0.00345145677274,0.746281653306,0.00421844716668,1.25517977969,-0.00460194236366,100.0
5.782408,-1.07877198908,-0.642354454927,0.0410339860759,1.52784486473,0.128854386182,0.436034038956,0.190213617698,100.0,0.00460194236366,-0.546097160487,-0.0026844663788,0.745514662912,0.00421844716668,1.25479628449,-0.00421844716668,100.0
5.792410,-1.07762150349,-0.642354454927,0.0418009764699,1.52746136954,0.128087395788,0.435650543759,0.18867963691,100.0,0.00421844716668,-0.546097160487,-0.00421844716668,0.745514662912,0.00383495196971,1.25479628449,-0.00498543756063,100.0
5.802404,-1.0764710179,-0.64197095973,0.0414174812729,1.52707787434,0.128470890985,0.436034038956,0.185995170531,100.0,0.00383495196971,-0.54571366529,-0.00383495196971,0.746281653306,0.00383495196971,1.25441278929,-0.00421844716668,100.0
5.812428,-1.0760875227,-0.641587464533,0.040650490879,1.52669437914,0.128470890985,0.436034038956,0.18484468494,100.0,0.00383495196971,-0.546864150881,-0.00345145677274,0.746281653306,0.00383495196971,1.25441278929,-0.00498543756063,100.0
5.822409,-1.07493703711,-0.641587464533,0.0418009764699,1.52631088395,0.128087395788,0.436034038956,0.182927208955,100.0,0.00345145677274,-0.546097160487,-0.00383495196971,0.745131167715,0.00345145677274,1.25517977969,-0.00421844716668,100.0
5.832409,-1.07378655152,-0.641203969336,0.040650490879,1.52631088395,0.128087395788,0.435650543759,0.181393228167,100.0,0.00383495196971,-0.545330170093,-0.00345145677274,0.745131167715,0.00383495196971,1.25441278929,-0.00460194236366,100.0
5.842408,-1.07340305632,-0.640820474139,0.040266995682,1.52669437914,0.128087395788,0.436034038956,0.17985924738,100.0,0.00460194236366,-0.546097160487,-0.00421844716668,0.746665148503,0.00421844716668,1.25556327488,-0.00421844716668,100.0
5.852421,-1.07186907553,-0.641203969336,0.040266995682,1.52669437914,0.128087395788,0.436417534153,0.178325266592,100.0,0.00421844716668,-0.546480655684,-0.00383495196971,0.746665148503,0.00460194236366,1.25441278929,-0.00460194236366,100.0
5.862407,-1.07071858994,-0.641587464533,0.0410339860759,1.52669437914,0.127703900591,0.436034038956,0.177174781001,100.0,0.00421844716668,-0.546097160487,-0.00345145677274,0.745131167715,0.00383495196971,1.25441278929,-0.00575242795457,100.0
5.872445,-1.06880111396,-0.641203969336,0.0410339860759,1.52707787434,0.128470890985,0.436417534153,0.17602429541,100.0,0.00460194236366,-0.546480655684,-0.00345145677274,0.745898158109,0.00421844716668,1.25479628449,-0.00498543756063,100.0
5.882458,-1.06880111396,-0.641203969336,0.040266995682,1.52707787434,0.126936910198,0.436417534153,0.174490314622,100.0,0.00421844716668,-0.546097160487,-0.00345145677274,0.746665148503,0.00421844716668,1.25517977969,-0.00498543756063,100.0
5.892456,-1.06688363797,-0.641587464533,0.0410339860759,1.52707787434,0.126936910198,0.437568019744,0.173723324228,100.0,0.00383495196971,-0.546480655684,-0.0026844663788,0.745514662912,0.00345145677274,1.25441278929,-0.00383495196971,100.0
5.902430,-1.06726713317,-0.64197095973,0.0410339860759,1.52861185513,0.126553415001,0.438335010138,0.173339829031,100.0,0.00421844716668,-0.546097160487,-0.00383495196971,0.745514662912,0.00383495196971,1.25441278929,-0.00421844716668,100.0
5.912456,-1.06496616199,-0.64197095973,0.040650490879,1.52861185513,0.126169919804,0.439102000532,0.172956333834,100.0,0.00460194236366,-0.546480655684,-0.00421844716668,0.745514662912,0.00421844716668,1.2540292941,-0.00421844716668,100.0
5.922528,-1.0641991716,-0.641587464533,0.040650490879,1.52822835993,0.124252443819,0.439485495729,0.171805848243,100.0,0.00383495196971,-0.546480655684,-0.00383495196971,0.745514662912,0.00383495196971,1.25441278929,-0.00498543756063,100.0
5.932587,-1.0638156764,-0.64197095973,0.0410339860759,1.52899535032,0.124252443819,0.439485495729,0.172572838637,100.0,0.00460194236366,-0.546097160487,-0.00383495196971,0.746281653306,0.00383495196971,1.25441278929,-0.00498543756063,100.0
5.942578,-1.06266519081,-0.641587464533,0.0414174812729,1.52976234072,0.122334967834,0.439102000532,0.172572838637,100.0,0.00460194236366,-0.54571366529,-0.00345145677274,0.745131167715,0.00421844716668,1.25517977969,-0.00498543756063,100.0
5.952515,-1.06151470522,-0.64197095973,0.0410339860759,1.53052933111,0.122718463031,0.438718505335,0.172572838637,100.0,0.00383495196971,-0.546480655684,-0.00345145677274,0.744747672518,0.00383495196971,1.25517977969,-0.00460194236366,100.0
5.962511,-1.06074771482,-0.64197095973,0.0414174812729,1.53091282631,0.122718463031,0.439485495729,0.174490314622,100.0,0.00421844716668,-0.546480655684,-0.00345145677274,0.745131167715,0.00383495196971,1.25517977969,-0.00421844716668,100.0
5.972508,-1.05921373403,-0.64197095973,0.0410339860759,1.53129632151,0.121951472637,0.439485495729,0.174106819425,100.0,0.00383495196971,-0.54571366529,-0.00306796157577,0.745514662912,0.00460194236366,1.25517977969,-0.00460194236366,100.0
5.982448,-1.05806324844,-0.642354454927,0.040650490879,1.5324468071,0.120800987046,0.438718505335,0.174490314622,100.0,0.00498543756063,-0.546480655684,-0.00306796157577,0.745898158109,0.00421844716668,1.25517977969,-0.00421844716668,100.0
5.992414,-1.05806324844,-0.64197095973,0.0410339860759,1.53283030229,0.119650501455,0.440252486123,0.174106819425,100.0,0.00383495196971,-0.546097160487,-0.00421844716668,0.745514662912,0.00421844716668,1.25556327488,-0.00421844716668,100.0
6.002414,-1.05652926766,-0.642354454927,0.0414174812729,1.53359729269,0.118116520667,0.44063598132,0.174106819425,100.0,0.00421844716668,-0.546097160487,-0.00383495196971,0.7470486437,0.00421844716668,1.25479628449,-0.00421844716668,100.0
6.012433,-1.05576227726,-0.64197095973,0.0414174812729,1.53321379749,0.118116520667,0.441019476517,0.174873809819,100.0,0.00421844716668,-0.546480655684,-0.00383495196971,0.746281653306,0.00345145677274,1.25479628449,-0.00498543756063,100.0
6.022457,-1.05499528687,-0.643121445321,0.0410339860759,1.53359729269,0.11773302547,0.441019476517,0.174490314622,100.0,0.00421844716668,-0.546480655684,-0.00421844716668,0.746281653306,0.00383495196971,1.25441278929,-0.00460194236366,100.0
6.032413,-1.05307781088,-0.64197095973,0.0410339860759,1.53436428308,0.117349530273,0.441019476517,0.174873809819,100.0,0.00460194236366,-0.54571366529,-0.00345145677274,0.745131167715,0.00421844716668,1.2540292941,-0.00460194236366,100.0
6.042432,-1.05231082049,-0.643504940518,0.040650490879,1.53436428308,0.118116520667,0.441019476517,0.174490314622,100.0,0.00498543756063,-0.546097160487,-0.00383495196971,0.746281653306,0.00460194236366,1.25479628449,-0.00383495196971,100.0
6.052411,-1.05269431569,-0.642354454927,0.0410339860759,1.53474777828,0.118500015864,0.439868990926,0.174873809819,100.0,0.00421844716668,-0.546097160487,-0.00421844716668,0.746665148503,0.00383495196971,1.25556327488,-0.00383495196971,100.0
6.062429,-1.05269431569,-0.64197095973,0.0414174812729,1.53589826387,0.11773302547,0.439102000532,0.174490314622,100.0,0.00460194236366,-0.545330170093,-0.00345145677274,0.746281653306,0.00421844716668,1.25479628449,-0.00345145677274,100.0
6.072437,-1.05000984931,-0.64197095973,0.0418009764699,1.53589826387,0.118116520667,0.439868990926,0.174490314622,100.0,0.00460194236366,-0.546480655684,-0.00383495196971,0.746281653306,0.00460194236366,1.25479628449,-0.00421844716668,100.0
6.082421,-1.05000984931,-0.642737950124,0.0429514620608,1.53513127348,0.118500015864,0.440252486123,0.174490314622,100.0,0.00460194236366,-0.54571366529,-0.00383495196971,0.745131167715,0.00421844716668,1.25517977969,-0.00460194236366,100.0
6.092419,-1.04962635411,-0.643121445321,0.0414174812729,1.53628175907,0.118116520667,0.440252486123,0.174106819425,100.0,0.0053689327576,-0.54571366529,-0.00345145677274,0.745514662912,0.00421844716668,1.25441278929,-0.00498543756063,100.0
6.102441,-1.04885936372,-0.642737950124,0.0425679668638,1.53666525426,0.118883511061,0.440252486123,0.174106819425,100.0,0.00421844716668,-0.546480655684,-0.00345145677274,0.744747672518,0.00460194236366,1.25479628449,-0.00460194236366,100.0
6.112440,-1.04885936372,-0.642737950124,0.0437184524547,1.53781573986,0.118500015864,0.439102000532,0.174106819425,100.0,0.00421844716668,-0.546864150881,-0.00345145677274,0.745514662912,0.00383495196971,1.25441278929,-0.00383495196971,100.0
6.122501,-1.04770887813,-0.642354454927,0.0444854428487,1.53819923505,0.118116520667,0.438718505335,0.174490314622,100.0,0.00383495196971,-0.546097160487,-0.00421844716668,0.745514662912,0.00460194236366,1.25517977969,-0.00460194236366,100.0
6.132543,-1.04732538293,-0.642354454927,0.0444854428487,1.53819923505,0.118500015864,0.439868990926,0.174873809819,100.0,0.00345145677274,-0.546097160487,-0.0026844663788,0.746665148503,0.00383495196971,1.25479628449,-0.00421844716668,100.0
6.142562,-1.04770887813,-0.642737950124,0.0441019476517,1.53858273025,0.118883511061,0.440252486123,0.174106819425,100.0,0.00383495196971,-0.546864150881,-0.00383495196971,0.745898158109,0.00421844716668,1.25441278929,-0.00498543756063,100.0
6.152504,-1.04732538293,-0.642354454927,0.0444854428487,1.53858273025,0.118116520667,0.441019476517,0.174106819425,100.0,0.00421844716668,-0.546097160487,-0.00383495196971,0.746665148503,0.00421844716668,1.2536457989,-0.00460194236366,100.0
6.162493,-1.04732538293,-0.643121445321,0.0448689380456,1.53934972064,0.118116520667,0.44063598132,0.174106819425,100.0,0.00421844716668,-0.546097160487,-0.00383495196971,0.745514662912,0.00383495196971,1.2540292941,-0.00460194236366,100.0
6.172496,-1.04732538293,-0.642354454927,0.0444854428487,1.53934972064,0.118116520667,0.44063598132,0.173723324228,100.0,0.00421844716668,-0.546480655684,-0.00306796157577,0.745514662912,0.00383495196971,1.25441278929,-0.00421844716668,100.0
6.182511,-1.04770887813,-0.643121445321,0.0441019476517,1.54011671104,0.118883511061,0.441019476517,0.174873809819,100.0,0.00460194236366,-0.546480655684,-0.00421844716668,0.745514662912,0.00460194236366,1.25517977969,-0.00460194236366,100.0
6.192500,-1.04732538293,-0.643504940518,0.0441019476517,1.54050020623,0.118500015864,0.440252486123,0.174490314622,100.0,0.00421844716668,-0.54571366529,-0.00345145677274,0.745514662912,0.00421844716668,1.25441278929,-0.00460194236366,100.0
6.202459,-1.04655839253,-0.643121445321,0.0444854428487,1.54011671104,0.118883511061,0.440252486123,0.174106819425,100.0,0.00421844716668,-0.546097160487,-0.00345145677274,0.745131167715,0.00498543756063,1.25441278929,-0.00421844716668,100.0
6.212427,-1.04732538293,-0.643121445321,0.0456359284396,1.53973321584,0.118500015864,0.44063598132,0.175257305016,100.0,0.00421844716668,-0.546864150881,-0.00306796157577,0.746281653306,0.00383495196971,1.25441278929,-0.00421844716668,100.0
6.222448,-1.04732538293,-0.642737950124,0.0456359284396,1.54088370143,0.118883511061,0.439868990926,0.174106819425,100.0,0.00421844716668,-0.546480655684,-0.00345145677274,0.746665148503,0.00460194236366,1.25479628449,-0.00460194236366,100.0
6.232432,-1.04770887813,-0.643504940518,0.0448689380456,1.54165069182,0.118500015864,0.440252486123,0.174490314622,100.0,0.00460194236366,-0.545330170093,-0.00383495196971,0.745898158109,0.00383495196971,1.25517977969,-0.00460194236366,100.0
6.242428,-1.04732538293,-0.643121445321,0.0452524332426,1.54088370143,0.118500015864,0.440252486123,0.174490314622,100.0,0.00421844716668,-0.546480655684,-0.00306796157577,0.746281653306,0.00383495196971,1.25517977969,-0.00575242795457,100.0
6.252411,-1.04732538293,-0.643121445321,0.0452524332426,1.54126719663,0.118883511061,0.439868990926,0.174873809819,100.0,0.00345145677274,-0.546864150881,-0.00383495196971,0.745898158109,0.00345145677274,1.25556327488,-0.00421844716668,100.0
6.262411,-1.04770887813,-0.642737950124,0.0448689380456,1.54088370143,0.118883511061,0.439868990926,0.174490314622,100.0,0.00421844716668,-0.545330170093,-0.00345145677274,0.745514662912,0.00345145677274,1.25479628449,-0.00460194236366,100.0
6.272426,-1.04770887813,-0.642354454927,0.0441019476517,1.54088370143,0.118500015864,0.439485495729,0.174873809819,100.0,0.00345145677274,-0.546480655684,-0.00421844716668,0.745898158109,0.00460194236366,1.25517977969,-0.00421844716668,100.0
6.282427,-1.04809237332,-0.643888435715,0.0444854428487,1.54126719663,0.118116520667,0.439868990926,0.174106819425,100.0,0.00421844716668,-0.54571366529,-0.00306796157577,0.745514662912,0.00421844716668,1.25441278929,-0.00421844716668,100.0
6.292408,-1.04962635411,-0.642354454927,0.0448689380456,1.54126719663,0.118883511061,0.439868990926,0.174490314622,100.0,0.00498543756063,-0.546097160487,-0.00383495196971,0.745898158109,0.00345145677274,1.25441278929,-0.00421844716668,100.0
6.302407,-1.04885936372,-0.642737950124,0.0441019476517,1.54165069182,0.118883511061,0.439868990926,0.174490314622,100.0,0.00383495196971,-0.546097160487,-0.00421844716668,0.745514662912,0.00460194236366,1.2540292941,-0.00421844716668,100.0
6.312426,-1.04962635411,-0.64197095973,0.0452524332426,1.54165069182,0.118500015864,0.440252486123,0.174490314622,100.0,0.00421844716668,-0.546480655684,-0.00345145677274,0.744747672518,0.00383495196971,1.25441278929,-0.00460194236366,100.0
6.322428,-1.05000984931,-0.64197095973,0.0448689380456,1.54126719663,0.118883511061,0.439868990926,0.174873809819,100.0,0.00421844716668,-0.546480655684,-0.00345145677274,0.745131167715,0.00421844716668,1.25479628449,-0.00498543756063,100.0
6.332408,-1.05000984931,-0.642354454927,0.0444854428487,1.54126719663,0.118500015864,0.440252486123,0.174873809819,100.0,0.00421844716668,-0.546480655684,-0.00383495196971,0.745898158109,0.00421844716668,1.25517977969,-0.00498543756063,100.0
6.342428,-1.04924285891,-0.642354454927,0.0444854428487,1.54165069182,0.118500015864,0.440252486123,0.174106819425,100.0,0.00498543756063,-0.546480655684,-0.0026844663788,0.745898158109,0.00383495196971,1.2540292941,-0.00383495196971,100.0
6.352427,-1.0511603349,-0.643121445321,0.0444854428487,1.54165069182,0.118116520667,0.439102000532,0.175257305016,100.0,0.00421844716668,-0.54571366529,-0.00345145677274,0.744747672518,0.00421844716668,1.25479628449,-0.00498543756063,100.0
6.362427,-1.0511603349,-0.64197095973,0.0444854428487,1.54203418702,0.118116520667,0.440252486123,0.175257305016,100.0,0.00421844716668,-0.546097160487,-0.00383495196971,0.745514662912,0.00421844716668,1.25479628449,-0.00460194236366,100.0
6.372427,-1.0511603349,-0.642354454927,0.0441019476517,1.54165069182,0.118883511061,0.439102000532,0.174106819425,100.0,0.00421844716668,-0.546097160487,-0.00345145677274,0.744747672518,0.00421844716668,1.25517977969,-0.00383495196971,100.0
6.382409,-1.05231082049,-0.642354454927,0.0444854428487,1.54165069182,0.11773302547,0.440252486123,0.174873809819,100.0,0.00383495196971,-0.546480655684,-0.00460194236366,0.745514662912,0.00421844716668,1.25441278929,-0.00460194236366,100.0
6.392409,-1.05192732529,-0.642354454927,0.0441019476517,1.54203418702,0.118500015864,0.440252486123,0.174873809819,100.0,0.00421844716668,-0.546097160487,-0.00421844716668,0.745898158109,0.00383495196971,1.25441278929,-0.00575242795457,100.0
6.402405,-1.05307781088,-0.643121445321,0.0441019476517,1.54241768222,0.118116520667,0.439102000532,0.174106819425,100.0,0.00383495196971,-0.546097160487,-0.00383495196971,0.745514662912,0.00421844716668,1.25479628449,-0.00421844716668,100.0
6.412426,-1.05346130608,-0.642354454927,0.0441019476517,1.54241768222,0.118116520667,0.44063598132,0.174106819425,100.0,0.00421844716668,-0.546097160487,-0.00383495196971,0.745514662912,0.00383495196971,1.25517977969,-0.00460194236366,100.0
6.422408,-1.05384480128,-0.643504940518,0.0448689380456,1.54241768222,0.118116520667,0.439868990926,0.174106819425,100.0,0.00421844716668,-0.546097160487,-0.00306796157577,0.7470486437,0.00421844716668,1.25517977969,-0.00460194236366,100.0
6.432427,-1.05461179167,-0.643504940518,0.0441019476517,1.54165069182,0.118116520667,0.439868990926,0.174873809819,100.0,0.00460194236366,-0.546097160487,-0.00460194236366,0.745898158109,0.00383495196971,1.25479628449,-0.00575242795457,100.0
6.442411,-1.05461179167,-0.644271930912,0.0433349572578,1.54241768222,0.118500015864,0.439868990926,0.174490314622,100.0,0.00383495196971,-0.546480655684,-0.00383495196971,0.745131167715,0.00460194236366,1.25517977969,-0.00498543756063,100.0
6.452408,-1.05499528687,-0.642737950124,0.0441019476517,1.54241768222,0.118500015864,0.440252486123,0.174106819425,100.0,0.00498543756063,-0.546097160487,-0.00383495196971,0.745898158109,0.00345145677274,1.25479628449,-0.00460194236366,100.0
6.462427,-1.05461179167,-0.644271930912,0.0437184524547,1.54203418702,0.118500015864,0.439868990926,0.174106819425,100.0,0.00498543756063,-0.54571366529,-0.00383495196971,0.745514662912,0.00383495196971,1.25441278929,-0.00421844716668,100.0
6.472432,-1.05576227726,-0.642354454927,0.0437184524547,1.54165069182,0.11773302547,0.439868990926,0.174490314622,100.0,0.00345145677274,-0.546864150881,-0.00345145677274,0.745514662912,0.00383495196971,1.25441278929,-0.00498543756063,100.0
6.482448,-1.05614577246,-0.642737950124,0.0433349572578,1.54165069182,0.118116520667,0.439102000532,0.174490314622,100.0,0.00383495196971,-0.546864150881,-0.00345145677274,0.746281653306,0.00421844716668,1.25441278929,-0.00460194236366,100.0
6.492442,-1.05652926766,-0.643504940518,0.0441019476517,1.54165069182,0.118500015864,0.439868990926,0.174106819425,100.0,0.00421844716668,-0.546097160487,-0.00383495196971,0.745898158109,0.00498543756063,1.25441278929,-0.00383495196971,100.0
6.502423,-1.05614577246,-0.642354454927,0.0444854428487,1.54165069182,0.118883511061,0.439868990926,0.174490314622,100.0,0.00421844716668,-0.546480655684,-0.00383495196971,0.745898158109,0.00421844716668,1.25441278929,-0.00498543756063,100.0
6.512429,-1.05729625805,-0.643121445321,0.0441019476517,1.54203418702,0.118116520667,0.439868990926,0.174106819425,100.0,0.00421844716668,-0.546864150881,-0.00383495196971,0.745131167715,0.00498543756063,1.2540292941,-0.00421844716668,100.0
6.522410,-1.05767975325,-0.643504940518,0.0437184524547,1.54203418702,0.118116520667,0.440252486123,0.174106819425,100.0,0.00460194236366,-0.546097160487,-0.00306796157577,0.746281653306,0.00421844716668,1.25479628449,-0.00421844716668,100.0
6.532419,-1.05806324844,-0.644271930912,0.0444854428487,1.54203418702,0.11773302547,0.439868990926,0.174490314622,100.0,0.00498543756063,-0.546480655684,-0.00345145677274,0.745514662912,0.00460194236366,1.2540292941,-0.00460194236366,100.0
6.542426,-1.05806324844,-0.642354454927,0.0441019476517,1.54280117742,0.118500015864,0.439868990926,0.174106819425,100.0,0.00383495196971,-0.546097160487,-0.00345145677274,0.745514662912,0.00421844716668,1.25441278929,-0.00498543756063,100.0
6.552411,-1.05844674364,-0.644271930912,0.0441019476517,1.54241768222,0.118500015864,0.439485495729,0.173723324228,100.0,0.00421844716668,-0.546097160487,-0.00345145677274,0.745898158109,0.00421844716668,1.25441278929,-0.00575242795457,100.0
6.562408,-1.05959722923,-0.642737950124,0.0444854428487,1.54203418702,0.118500015864,0.440252486123,0.174490314622,100.0,0.00345145677274,-0.546097160487,-0.0026844663788,0.745131167715,0.00421844716668,1.2536457989,-0.00460194236366,100.0
6.572425,-1.05921373403,-0.642354454927,0.0437184524547,1.54241768222,0.118116520667,0.439485495729,0.174873809819,100.0,0.00460194236366,-0.546864150881,-0.00345145677274,0.745514662912,0.00383495196971,1.25479628449,-0.00575242795457,100.0
6.582418,-1.05998072443,-0.643888435715,0.0441019476517,1.54241768222,0.118116520667,0.440252486123,0.174490314622,100.0,0.00421844716668,-0.546097160487,-0.00306796157577,0.746665148503,0.00383495196971,1.25479628449,-0.00460194236366,100.0
6.592421,-1.05998072443,-0.643504940518,0.0437184524547,1.54241768222,0.118500015864,0.439868990926,0.174106819425,100.0,0.00421844716668,-0.546097160487,-0.00383495196971,0.745514662912,0.00421844716668,1.25479628449,-0.00460194236366,100.0
6.602421,-1.06074771482,-0.643504940518,0.0441019476517,1.54203418702,0.118116520667,0.439868990926,0.174873809819,100.0,0.00421844716668,-0.546097160487,-0.00345145677274,0.746281653306,0.00421844716668,1.25441278929,-0.00460194236366,100.0
6.612422,-1.06074771482,-0.642354454927,0.0441019476517,1.54280117742,0.118116520667,0.439868990926,0.174490314622,100.0,0.00421844716668,-0.547247646078,-0.00345145677274,0.744747672518,0.00383495196971,1.2540292941,-0.00460194236366,100.0
6.622421,-1.06113121002,-0.643888435715,0.0441019476517,1.54241768222,0.118116520667,0.440252486123,0.174490314622,100.0,0.00421844716668,-0.546097160487,-0.00306796157577,0.745514662912,0.00421844716668,1.25479628449,-0.00421844716668,100.0
6.632418,-1.06151470522,-0.643121445321,0.0441019476517,1.54165069182,0.118500015864,0.439868990926,0.174873809819,100.0,0.00460194236366,-0.546480655684,-0.00306796157577,0.745514662912,0.00421844716668,1.25517977969,-0.00460194236366,100.0
6.642423,-1.06151470522,-0.643888435715,0.0441019476517,1.54165069182,0.118116520667,0.439868990926,0.173723324228,100.0,0.00383495196971,-0.546864150881,-0.00345145677274,0.746281653306,0.00421844716668,1.25441278929,-0.00460194236366,100.0
6.652407,-1.06151470522,-0.642737950124,0.0448689380456,1.54203418702,0.118883511061,0.440252486123,0.174490314622,100.0,0.00383495196971,-0.546097160487,-0.00383495196971,0.745131167715,0.00421844716668,1.25441278929,-0.00460194236366,100.0
6.662409,-1.06151470522,-0.642354454927,0.0441019476517,1.54203418702,0.118116520667,0.44063598132,0.174490314622,100.0,0.00498543756063,-0.546097160487,-0.00421844716668,0.745898158109,0.00498543756063,1.25441278929,-0.00421844716668,100.0
6.672411,-1.06266519081,-0.643888435715,0.0441019476517,1.54203418702,0.118116520667,0.439868990926,0.174106819425,100.0,0.00383495196971,-0.54571366529,-0.00383495196971,0.746281653306,0.00383495196971,1.2540292941,-0.00460194236366,100.0
6.682410,-1.06266519081,-0.643121445321,0.0444854428487,1.54203418702,0.118116520667,0.439485495729,0.174106819425,100.0,0.00383495196971,-0.546097160487,-0.00383495196971,0.745898158109,0.00383495196971,1.25479628449,-0.00421844716668,100.0
6.692407,-1.063048686,-0.643504940518,0.0444854428487,1.54241768222,0.11773302547,0.439868990926,0.174490314622,100.0,0.00421844716668,-0.546480655684,-0.00383495196971,0.745514662912,0.00421844716668,1.25479628449,-0.00383495196971,100.0
6.702410,-1.06266519081,-0.643888435715,0.0433349572578,1.54241768222,0.118500015864,0.440252486123,0.174106819425,100.0,0.00383495196971,-0.546864150881,-0.00383495196971,0.745898158109,0.00421844716668,1.25517977969,-0.00421844716668,100.0
6.712401,-1.0634321812,-0.643888435715,0.0441019476517,1.54203418702,0.118116520667,0.439868990926,0.174873809819,100.0,0.00421844716668,-0.546097160487,-0.00421844716668,0.744747672518,0.00383495196971,1.2536457989,-0.00421844716668,100.0
6.722425,-1.063048686,-0.642737950124,0.0437184524547,1.54203418702,0.118500015864,0.439485495729,0.174106819425,100.0,0.00421844716668,-0.546097160487,-0.00383495196971,0.745514662912,0.00498543756063,1.25441278929,-0.00460194236366,100.0
6.732449,-1.0638156764,-0.642737950124,0.0444854428487,1.54241768222,0.118500015864,0.439868990926,0.174873809819,100.0,0.00460194236366,-0.546097160487,-0.00383495196971,0.745131167715,0.00421844716668,1.25441278929,-0.00421844716668,100.0
6.742425,-1.0634321812,-0.642354454927,0.0437184524547,1.54203418702,0.118116520667,0.439485495729,0.174490314622,100.0,0.00345145677274,-0.546480655684,-0.00306796157577,0.745514662912,0.00421844716668,1.25479628449,-0.00460194236366,100.0
6.752416,-1.063048686,-0.643504940518,0.0441019476517,1.54203418702,0.118116520667,0.440252486123,0.174490314622,100.0,0.00460194236366,-0.546097160487,-0.00345145677274,0.745514662912,0.00421844716668,1.25556327488,-0.00421844716668,100.0
6.762410,-1.0638156764,-0.643504940518,0.0441019476517,1.54241768222,0.118500015864,0.440252486123,0.175257305016,100.0,0.00421844716668,-0.546097160487,-0.00345145677274,0.745514662912,0.00460194236366,1.25517977969,-0.00421844716668,100.0
6.772408,-1.0641991716,-0.644271930912,0.0437184524547,1.54203418702,0.118500015864,0.439485495729,0.174106819425,100.0,0.00421844716668,-0.546864150881,-0.00421844716668,0.745514662912,0.00421844716668,1.25441278929,-0.00460194236366,100.0
6.782412,-1.0634321812,-0.643504940518,0.0437184524547,1.54203418702,0.118883511061,0.44063598132,0.174873809819,100.0,0.00421844716668,-0.546864150881,-0.00345145677274,0.745898158109,0.00383495196971,1.25479628449,-0.00421844716668,100.0
6.792409,-1.0634321812,-0.642737950124,0.0441019476517,1.54203418702,0.118500015864,0.439868990926,0.174490314622,100.0,0.00421844716668,-0.546097160487,-0.00383495196971,0.745514662912,0.00421844716668,1.25517977969,-0.00498543756063,100.0
6.802426,-1.063048686,-0.643121445321,0.0437184524547,1.54203418702,0.118116520667,0.440252486123,0.174490314622,100.0,0.00383495196971,-0.546097160487,-0.00306796157577,0.745131167715,0.00421844716668,1.2540292941,-0.00345145677274,100.0
6.812411,-1.0638156764,-0.642354454927,0.0437184524547,1.54241768222,0.118116520667,0.439868990926,0.174106819425,100.0,0.00383495196971,-0.546097160487,-0.00306796157577,0.746281653306,0.00421844716668,1.25479628449,-0.00421844716668,100.0
6.822424,-1.0638156764,-0.643121445321,0.0437184524547,1.54203418702,0.118883511061,0.439485495729,0.174873809819,100.0,0.00383495196971,-0.546097160487,-0.00383495196971,0.745898158109,0.00460194236366,1.25479628449,-0.00421844716668,100.0
6.832426,-1.063048686,-0.64197095973,0.0433349572578,1.54165069182,0.118116520667,0.440252486123,0.174106819425,100.0,0.00421844716668,-0.54571366529,-0.00383495196971,0.745514662912,0.00460194236366,1.25517977969,-0.00421844716668,100.0
6.842410,-1.0638156764,-0.644271930912,0.0433349572578,1.54165069182,0.118116520667,0.440252486123,0.174106819425,100.0,0.00421844716668,-0.546097160487,-0.00383495196971,0.745514662912,0.00383495196971,1.25479628449,-0.00460194236366,100.0
6.852412,-1.0641991716,-0.643504940518,0.0425679668638,1.54165069182,0.118883511061,0.439868990926,0.174490314622,100.0,0.00460194236366,-0.54571366529,-0.00383495196971,0.745514662912,0.00345145677274,1.2540292941,-0.00498543756063,100.0
6.862409,-1.0638156764,-0.644655426109,0.0433349572578,1.54203418702,0.11773302547,0.439868990926,0.174490314622,100.0,0.00498543756063,-0.54571366529,-0.00421844716668,0.745131167715,0.00383495196971,1.25517977969,-0.00460194236366,100.0
6.872427,-1.0638156764,-0.64197095973,0.0437184524547,1.54241768222,0.117349530273,0.440252486123,0.174490314622,100.0,0.00383495196971,-0.546480655684,-0.00421844716668,0.745514662912,0.00421844716668,1.25479628449,-0.00460194236366,100.0
6.882435,-1.0638156764,-0.643504940518,0.0433349572578,1.54203418702,0.118883511061,0.439485495729,0.174873809819,100.0,0.00383495196971,-0.546097160487,-0.00345145677274,0.745514662912,0.00421844716668,1.25441278929,-0.00460194236366,100.0
6.892462,-1.063048686,-0.643888435715,0.0437184524547,1.54203418702,0.118883511061,0.440252486123,0.175257305016,100.0,0.00460194236366,-0.54571366529,-0.00306796157577,0.745514662912,0.00421844716668,1.25441278929,-0.00460194236366,100.0
6.902460,-1.063048686,-0.642737950124,0.0429514620608,1.54165069182,0.118500015864,0.438718505335,0.174490314622,100.0,0.00383495196971,-0.546864150881,-0.00383495196971,0.745898158109,0.00460194236366,1.25441278929,-0.00460194236366,100.0
6.912458,-1.0634321812,-0.642737950124,0.0437184524547,1.54203418702,0.118883511061,0.440252486123,0.174873809819,100.0,0.00383495196971,-0.547247646078,-0.00383495196971,0.746281653306,0.00345145677274,1.25441278929,-0.00498543756063,100.0
6.922434,-1.063048686,-0.642354454927,0.0433349572578,1.54165069182,0.118883511061,0.439485495729,0.174106819425,100.0,0.00421844716668,-0.546480655684,-0.00306796157577,0.744364177321,0.00421844716668,1.2540292941,-0.00383495196971,100.0
6.932459,-1.06266519081,-0.643121445321,0.0429514620608,1.54241768222,0.118116520667,0.439868990926,0.174106819425,100.0,0.00383495196971,-0.546097160487,-0.0026844663788,0.746281653306,0.00421844716668,1.25517977969,-0.00421844716668,100.0
6.942452,-1.0634321812,-0.643504940518,0.0437184524547,1.54241768222,0.118500015864,0.439102000532,0.174106819425,100.0,0.00421844716668,-0.546097160487,-0.00383495196971,0.746281653306,0.00460194236366,1.25479628449,-0.00460194236366,100.0
6.952488,-1.0638156764,-0.644271930912,0.0441019476517,1.54241768222,0.118500015864,0.440252486123,0.174106819425,100.0,0.00421844716668,-0.546097160487,-0.00345145677274,0.746665148503,0.00421844716668,1.25441278929,-0.00421844716668,100.0
6.962487,-1.06266519081,-0.642737950124,0.0437184524547,1.54203418702,0.118500015864,0.439485495729,0.174106819425,100.0,0.00421844716668,-0.546480655684,-0.00345145677274,0.745514662912,0.00460194236366,1.2540292941,-0.00460194236366,100.0
6.972559,-1.0634321812,-0.642737950124,0.0433349572578,1.54241768222,0.118500015864,0.440252486123,0.174490314622,100.0,0.00421844716668,-0.547247646078,-0.00421844716668,0.746281653306,0.00383495196971,1.25479628449,-0.00421844716668,100.0
6.982578,-1.063048686,-0.643121445321,0.0433349572578,1.54241768222,0.118500015864,0.439868990926,0.174490314622,100.0,0.00421844716668,-0.546097160487,-0.00306796157577,0.744747672518,0.00421844716668,1.2536457989,-0.00460194236366,100.0
6.992582,-1.063048686,-0.642354454927,0.0437184524547,1.54203418702,0.118883511061,0.439868990926,0.174490314622,100.0,0.00460194236366,-0.54571366529,-0.00383495196971,0.745131167715,0.00460194236366,1.25517977969,-0.00460194236366,100.0
7.002491,-1.063048686,-0.643121445321,0.0433349572578,1.54241768222,0.118500015864,0.439868990926,0.173723324228,100.0,0.00421844716668,-0.546097160487,-0.00306796157577,0.745898158109,0.00460194236366,1.2540292941,-0.00460194236366,100.0
7.012514,-1.0634321812,-0.642737950124,0.0429514620608,1.54203418702,0.118116520667,0.439102000532,0.173723324228,100.0,0.00460194236366,-0.546097160487,-0.00306796157577,0.745898158109,0.00383495196971,1.25517977969,-0.00498543756063,100.0
7.022503,-1.06266519081,-0.644271930912,0.0433349572578,1.54165069182,0.118883511061,0.440252486123,0.174106819425,100.0,0.00383495196971,-0.546864150881,-0.00306796157577,0.745898158109,0.00383495196971,1.25479628449,-0.00421844716668,100.0
7.032503,-1.06266519081,-0.642737950124,0.0433349572578,1.54203418702,0.118500015864,0.439868990926,0.174490314622,100.0,0.00421844716668,-0.546864150881,-0.00383495196971,0.745898158109,0.00421844716668,1.25479628449,-0.00460194236366,100.0
7.042506,-1.0634321812,-0.643121445321,0.0429514620608,1.54203418702,0.118500015864,0.44063598132,0.174490314622,100.0,0.00383495196971,-0.546097160487,-0.00345145677274,0.745131167715,0.00498543756063,1.25479628449,-0.00383495196971,100.0
7.052504,-1.063048686,-0.643121445321,0.0433349572578,1.54165069182,0.118883511061,0.440252486123,0.174106819425,100.0,0.00421844716668,-0.546097160487,-0.00383495196971,0.744364177321,0.0053689327576,1.25441278929,-0.00421844716668,100.0
7.062466,-1.063048686,-0.642737950124,0.0441019476517,1.54165069182,0.118116520667,0.439868990926,0.173723324228,100.0,0.00421844716668,-0.546864150881,-0.00345145677274,0.745514662912,0.00383495196971,1.25441278929,-0.00498543756063,100.0
7.072455,-1.06266519081,-0.644271930912,0.0429514620608,1.54165069182,0.118116520667,0.440252486123,0.174106819425,100.0,0.00460194236366,-0.546097160487,-0.00345145677274,0.745514662912,0.00421844716668,1.25441278929,-0.00421844716668,100.0
7.082437,-1.063048686,-0.642737950124,0.0433349572578,1.54203418702,0.118500015864,0.440252486123,0.174490314622,100.0,0.00421844716668,-0.546480655684,-0.00345145677274,0.745514662912,0.00421844716668,1.25479628449,-0.00575242795457,100.0
7.092428,-1.06266519081,-0.643888435715,0.0433349572578,1.54165069182,0.118116520667,0.440252486123,0.174873809819,100.0,0.00460194236366,-0.546480655684,-0.00421844716668,0.746665148503,0.00345145677274,1.25479628449,-0.00575242795457,100.0
7.102407,-1.063048686,-0.644271930912,0.0429514620608,1.54165069182,0.118500015864,0.440252486123,0.174490314622,100.0,0.00460194236366,-0.546480655684,-0.00383495196971,0.745898158109,0.00460194236366,1.25479628449,-0.00460194236366,100.0
7.112410,-1.063048686,-0.642737950124,0.0433349572578,1.54203418702,0.118883511061,0.440252486123,0.174106819425,100.0,0.00421844716668,-0.546097160487,-0.00345145677274,0.744747672518,0.00421844716668,1.25441278929,-0.00383495196971,100.0
7.122411,-1.06266519081,-0.642737950124,0.0429514620608,1.54165069182,0.118500015864,0.439868990926,0.174106819425,100.0,0.00421844716668,-0.546097160487,-0.00345145677274,0.746281653306,0.00498543756063,1.25479628449,-0.00383495196971,100.0
7.132428,-1.0634321812,-0.642354454927,0.0437184524547,1.54126719663,0.118116520667,0.439868990926,0.174490314622,100.0,0.00498543756063,-0.546864150881,-0.00421844716668,0.745514662912,0.00498543756063,1.25479628449,-0.00498543756063,100.0
7.142411,-1.06266519081,-0.642737950124,0.0429514620608,1.54203418702,0.118883511061,0.439868990926,0.174106819425,100.0,0.00421844716668,-0.546480655684,-0.00383495196971,0.745131167715,0.00383495196971,1.25479628449,-0.00421844716668,100.0
7.152408,-1.063048686,-0.642737950124,0.0425679668638,1.54203418702,0.118116520667,0.439102000532,0.174490314622,100.0,0.00460194236366,-0.546480655684,-0.00383495196971,0.745131167715,0.00383495196971,1.25556327488,-0.00421844716668,100.0
7.162421,-1.0634321812,-0.642737950124,0.0429514620608,1.54126719663,0.118500015864,0.439868990926,0.174106819425,100.0,0.00421844716668,-0.546097160487,-0.00383495196971,0.745514662912,0.00383495196971,1.25517977969,-0.00421844716668,100.0
7.172427,-1.0634321812,-0.642737950124,0.0437184524547,1.54165069182,0.118883511061,0.439868990926,0.174490314622,100.0,0.00421844716668,-0.546480655684,-0.00345145677274,0.745514662912,0.00383495196971,1.25479628449,-0.00421844716668,100.0
7.182428,-1.063048686,-0.643121445321,0.0433349572578,1.54203418702,0.118500015864,0.439868990926,0.174490314622,100.0,0.00460194236366,-0.546480655684,-0.00306796157577,0.745898158109,0.00421844716668,1.2540292941,-0.00498543756063,100.0
7.192427,-1.063048686,-0.644655426109,0.0429514620608,1.54165069182,0.118500015864,0.439868990926,0.174106819425,100.0,0.00460194236366,-0.546480655684,-0.00345145677274,0.745514662912,0.00345145677274,1.25517977969,-0.00383495196971,100.0
7.202409,-1.06266519081,-0.642737950124,0.0421844716668,1.54165069182,0.11773302547,0.439485495729,0.174490314622,100.0,0.00421844716668,-0.546480655684,-0.00383495196971,0.745898158109,0.00383495196971,1.25479628449,-0.00498543756063,100.0
7.212408,-1.06266519081,-0.642737950124,0.0429514620608,1.54203418702,0.118500015864,0.439868990926,0.174490314622,100.0,0.00383495196971,-0.546864150881,-0.00345145677274,0.745898158109,0.00345145677274,1.25479628449,-0.00460194236366,100.0
7.222408,-1.063048686,-0.642737950124,0.0425679668638,1.54165069182,0.118116520667,0.439868990926,0.174490314622,100.0,0.00383495196971,-0.54571366529,-0.00383495196971,0.745898158109,0.00421844716668,1.25517977969,-0.00383495196971,100.0
7.232424,-1.0634321812,-0.643121445321,0.0425679668638,1.54126719663,0.118883511061,0.439868990926,0.174490314622,100.0,0.00383495196971,-0.54571366529,-0.00306796157577,0.745514662912,0.00460194236366,1.25556327488,-0.00421844716668,100.0
7.242434,-1.0634321812,-0.642737950124,0.0425679668638,1.54126719663,0.119267006258,0.439485495729,0.174490314622,100.0,0.00460194236366,-0.546480655684,-0.00383495196971,0.745131167715,0.00421844716668,1.2540292941,-0.00460194236366,100.0
7.252430,-1.06189820041,-0.643121445321,0.0429514620608,1.54126719663,0.118500015864,0.44063598132,0.174490314622,100.0,0.00383495196971,-0.546480655684,-0.00421844716668,0.744364177321,0.00460194236366,1.25479628449,-0.00460194236366,100.0
7.262409,-1.06266519081,-0.642354454927,0.0433349572578,1.54126719663,0.118116520667,0.440252486123,0.174106819425,100.0,0.00383495196971,-0.546097160487,-0.00383495196971,0.746281653306,0.00460194236366,1.25441278929,-0.00421844716668,100.0
7.272412,-1.063048686,-0.642737950124,0.0425679668638,1.54126719663,0.118500015864,0.440252486123,0.174873809819,100.0,0.00421844716668,-0.546480655684,-0.00383495196971,0.745898158109,0.00460194236366,1.2540292941,-0.00421844716668,100.0
7.282428,-1.063048686,-0.643504940518,0.0425679668638,1.54165069182,0.118500015864,0.439868990926,0.174490314622,100.0,0.00460194236366,-0.546480655684,-0.00345145677274,0.745898158109,0.00421844716668,1.25517977969,-0.00460194236366,100.0
7.292452,-1.063048686,-0.642737950124,0.0425679668638,1.54165069182,0.118116520667,0.439485495729,0.174106819425,100.0,0.00460194236366,-0.546097160487,-0.00383495196971,0.745131167715,0.00306796157577,1.25479628449,-0.00460194236366,100.0
7.302437,-1.0634321812,-0.642354454927,0.0433349572578,1.54126719663,0.118500015864,0.440252486123,0.174873809819,100.0,0.00421844716668,-0.546864150881,-0.00306796157577,0.745131167715,0.00421844716668,1.25594677008,-0.00421844716668,100.0
7.312433,-1.06266519081,-0.642737950124,0.0433349572578,1.54165069182,0.118883511061,0.439485495729,0.174873809819,100.0,0.00383495196971,-0.54571366529,-0.00383495196971,0.745898158109,0.00421844716668,1.25479628449,-0.00498543756063,100.0
7.322455,-1.063048686,-0.643504940518,0.0429514620608,1.54165069182,0.118883511061,0.440252486123,0.174490314622,100.0,0.00383495196971,-0.546480655684,-0.00345145677274,0.745898158109,0.00421844716668,1.25441278929,-0.00460194236366,100.0
7.332466,-1.0634321812,-0.642737950124,0.0425679668638,1.54088370143,0.11773302547,0.440252486123,0.174873809819,100.0,0.00421844716668,-0.546480655684,-0.00345145677274,0.745131167715,0.00383495196971,1.25556327488,-0.00498543756063,100.0
7.342572,-1.063048686,-0.643121445321,0.0421844716668,1.54126719663,0.118883511061,0.439868990926,0.174106819425,100.0,0.00383495196971,-0.546097160487,-0.00383495196971,0.745514662912,0.00460194236366,1.25479628449,-0.00498543756063,100.0
7.352595,-1.0634321812,-0.642354454927,0.0429514620608,1.54050020623,0.118500015864,0.439868990926,0.174490314622,100.0,0.00383495196971,-0.546097160487,-0.00345145677274,0.745898158109,0.00421844716668,1.25517977969,-0.00421844716668,100.0
7.362487,-1.06228169561,-0.643121445321,0.0433349572578,1.54088370143,0.11773302547,0.439485495729,0.174106819425,100.0,0.00383495196971,-0.546480655684,-0.00421844716668,0.745131167715,0.00421844716668,1.25479628449,-0.00498543756063,100.0
7.372508,-1.063048686,-0.642737950124,0.0429514620608,1.54088370143,0.118500015864,0.439868990926,0.174490314622,100.0,0.00383495196971,-0.546480655684,-0.00383495196971,0.745898158109,0.00383495196971,1.25479628449,-0.00383495196971,100.0
7.382468,-1.06266519081,-0.644271930912,0.0429514620608,1.54088370143,0.118116520667,0.440252486123,0.174873809819,100.0,0.00460194236366,-0.546097160487,-0.00345145677274,0.745898158109,0.00460194236366,1.25479628449,-0.00460194236366,100.0
7.392465,-1.06228169561,-0.642737950124,0.0429514620608,1.54050020623,0.118883511061,0.439485495729,0.174106819425,100.0,0.00421844716668,-0.54571366529,-0.00421844716668,0.745514662912,0.00383495196971,1.25517977969,-0.00421844716668,100.0
7.402464,-1.063048686,-0.643888435715,0.0433349572578,1.54126719663,0.118500015864,0.439485495729,0.174490314622,100.0,0.00460194236366,-0.546480655684,-0.00421844716668,0.745514662912,0.00421844716668,1.25441278929,-0.00383495196971,100.0
7.412460,-1.06189820041,-0.643888435715,0.0429514620608,1.54088370143,0.118500015864,0.439868990926,0.174106819425,100.0,0.00421844716668,-0.546097160487,-0.00306796157577,0.745514662912,0.00345145677274,1.25479628449,-0.00498543756063,100.0
7.422494,-1.063048686,-0.642737950124,0.0429514620608,1.54050020623,0.118116520667,0.44063598132,0.174873809819,100.0,0.00421844716668,-0.546864150881,-0.00345145677274,0.746281653306,0.00383495196971,1.25479628449,-0.00460194236366,100.0
7.432512,-1.063048686,-0.643121445321,0.0429514620608,1.54050020623,0.118883511061,0.439868990926,0.174106819425,100.0,0.00383495196971,-0.546097160487,-0.00306796157577,0.746281653306,0.00383495196971,1.25441278929,-0.00460194236366,100.0
7.442593,-1.06266519081,-0.642737950124,0.0425679668638,1.54050020623,0.118500015864,0.439485495729,0.174490314622,100.0,0.00460194236366,-0.546097160487,-0.00383495196971,0.746281653306,0.00383495196971,1.25441278929,-0.00460194236366,100.0
7.452550,-1.06228169561,-0.643121445321,0.0421844716668,1.54088370143,0.118883511061,0.440252486123,0.174106819425,100.0,0.00345145677274,-0.546480655684,-0.00345145677274,0.746665148503,0.00421844716668,1.2540292941,-0.00498543756063,100.0
7.462437,-1.06266519081,-0.643121445321,0.0425679668638,1.54088370143,0.118500015864,0.439485495729,0.174106819425,100.0,0.00383495196971,-0.546480655684,-0.00383495196971,0.746281653306,0.00421844716668,1.25479628449,-0.00460194236366,100.0
7.472418,-1.06266519081,-0.643504940518,0.0421844716668,1.54088370143,0.118116520667,0.439485495729,0.174490314622,100.0,0.00421844716668,-0.546097160487,-0.00306796157577,0.745898158109,0.00383495196971,1.25479628449,-0.00498543756063,100.0
7.482420,-1.06266519081,-0.642737950124,0.0429514620608,1.54050020623,0.118116520667,0.439485495729,0.174490314622,100.0,0.00421844716668,-0.546480655684,-0.00306796157577,0.745514662912,0.00383495196971,1.25479628449,-0.00460194236366,100.0
7.492408,-1.06189820041,-0.642737950124,0.0421844716668,1.54011671104,0.118500015864,0.439868990926,0.174490314622,100.0,0.00421844716668,-0.54571366529,-0.00383495196971,0.745898158109,0.00421844716668,1.25441278929,-0.00460194236366,100.0
7.502435,-1.06266519081,-0.642737950124,0.0425679668638,1.54011671104,0.118500015864,0.440252486123,0.174490314622,100.0,0.00421844716668,-0.546864150881,-0.00306796157577,0.746281653306,0.00383495196971,1.25479628449,-0.00460194236366,100.0
7.512428,-1.06266519081,-0.642737950124,0.0421844716668,1.54011671104,0.118883511061,0.439868990926,0.174490314622,100.0,0.00421844716668,-0.54571366529,-0.00383495196971,0.745898158109,0.00421844716668,1.2540292941,-0.00460194236366,100.0
7.522408,-1.06266519081,-0.643121445321,0.0425679668638,1.54050020623,0.118500015864,0.439868990926,0.174106819425,100.0,0.00421844716668,-0.546864150881,-0.00383495196971,0.745131167715,0.00460194236366,1.2540292941,-0.00421844716668,100.0
7.532402,-1.06228169561,-0.642737950124,0.0425679668638,1.54011671104,0.118116520667,0.439485495729,0.174873809819,100.0,0.00345145677274,-0.546480655684,-0.00460194236366,0.746281653306,0.00460194236366,1.25441278929,-0.00460194236366,100.0
7.542401,-1.06266519081,-0.643121445321,0.0425679668638,1.54011671104,0.118500015864,0.44063598132,0.174490314622,100.0,0.00345145677274,-0.546480655684,-0.00345145677274,0.745898158109,0.00421844716668,1.2540292941,-0.00498543756063,100.0
7.552403,-1.06228169561,-0.642737950124,0.0421844716668,1.54011671104,0.118500015864,0.439485495729,0.174106819425,100.0,0.00421844716668,-0.546480655684,-0.00345145677274,0.746665148503,0.00421844716668,1.25517977969,-0.00383495196971,100.0
7.562402,-1.06228169561,-0.643504940518,0.0425679668638,1.54011671104,0.118500015864,0.439102000532,0.174490314622,100.0,0.00460194236366,-0.546480655684,-0.00383495196971,0.745898158109,0.00421844716668,1.2540292941,-0.00383495196971,100.0
7.572401,-1.06228169561,-0.642737950124,0.0421844716668,1.54050020623,0.118500015864,0.439868990926,0.174490314622,100.0,0.00460194236366,-0.546864150881,-0.00345145677274,0.745898158109,0.00383495196971,1.2540292941,-0.00421844716668,100.0
7.582400,-1.06228169561,-0.643504940518,0.0425679668638,1.54050020623,0.118883511061,0.439868990926,0.174106819425,100.0,0.00383495196971,-0.546097160487,-0.00345145677274,0.745514662912,0.00421844716668,1.25479628449,-0.00460194236366,100.0
7.592399,-1.06228169561,-0.642737950124,0.0421844716668,1.54011671104,0.118883511061,0.439868990926,0.173723324228,100.0,0.00421844716668,-0.546480655684,-0.00383495196971,0.744747672518,0.00383495196971,1.25479628449,-0.00460194236366,100.0
7.602421,-1.06228169561,-0.643121445321,0.0429514620608,1.54050020623,0.118883511061,0.439485495729,0.174106819425,100.0,0.00383495196971,-0.547247646078,-0.00383495196971,0.745514662912,0.00421844716668,1.25479628449,-0.00460194236366,100.0
7.612429,-1.06228169561,-0.642737950124,0.0425679668638,1.53973321584,0.118116520667,0.439485495729,0.174490314622,100.0,0.00345145677274,-0.546480655684,-0.00383495196971,0.745898158109,0.00383495196971,1.25441278929,-0.00460194236366,100.0
7.622463,-1.06266519081,-0.643888435715,0.0421844716668,1.54011671104,0.118500015864,0.44063598132,0.174490314622,100.0,0.00383495196971,-0.54571366529,-0.00383495196971,0.745514662912,0.00460194236366,1.25479628449,-0.00460194236366,100.0
7.632469,-1.06266519081,-0.644271930912,0.0418009764699,1.54011671104,0.11773302547,0.439868990926,0.174490314622,100.0,0.00383495196971,-0.546480655684,-0.00345145677274,0.744747672518,0.00498543756063,1.25479628449,-0.00383495196971,100.0
7.642474,-1.06266519081,-0.64197095973,0.0425679668638,1.53973321584,0.118500015864,0.440252486123,0.175257305016,100.0,0.00383495196971,-0.546480655684,-0.0026844663788,0.745131167715,0.00460194236366,1.25479628449,-0.00383495196971,100.0
7.652443,-1.06189820041,-0.642354454927,0.0421844716668,1.53973321584,0.118883511061,0.440252486123,0.174106819425,100.0,0.00421844716668,-0.546097160487,-0.00345145677274,0.745131167715,0.00383495196971,1.25441278929,-0.00460194236366,100.0
7.662443,-1.06228169561,-0.642354454927,0.0418009764699,1.53934972064,0.118883511061,0.439868990926,0.173339829031,100.0,0.00421844716668,-0.546097160487,-0.00345145677274,0.745514662912,0.00421844716668,1.25556327488,-0.00498543756063,100.0
7.672473,-1.06189820041,-0.64197095973,0.0425679668638,1.53934972064,0.118500015864,0.439868990926,0.175257305016,100.0,0.00460194236366,-0.546480655684,-0.00383495196971,0.746281653306,0.00460194236366,1.25517977969,-0.00460194236366,100.0
7.682472,-1.06189820041,-0.643121445321,0.0421844716668,1.53858273025,0.11773302547,0.439485495729,0.174490314622,100.0,0.00460194236366,-0.546864150881,-0.00383495196971,0.746281653306,0.00383495196971,1.25441278929,-0.00460194236366,100.0
7.692471,-1.06151470522,-0.643121445321,0.0429514620608,1.53896622545,0.118500015864,0.439485495729,0.174490314622,100.0,0.00421844716668,-0.546480655684,-0.00306796157577,0.745514662912,0.00345145677274,1.25556327488,-0.00460194236366,100.0
7.702476,-1.06151470522,-0.642737950124,0.0429514620608,1.53858273025,0.118500015864,0.439485495729,0.174490314622,100.0,0.00421844716668,-0.546097160487,-0.00383495196971,0.745514662912,0.00421844716668,1.25441278929,-0.00421844716668,100.0
7.712475,-1.06189820041,-0.642737950124,0.0429514620608,1.53858273025,0.118500015864,0.438718505335,0.174490314622,100.0,0.00383495196971,-0.546097160487,-0.00460194236366,0.745514662912,0.00421844716668,1.25479628449,-0.00460194236366,100.0
7.722472,-1.06113121002,-0.642737950124,0.0421844716668,1.53819923505,0.118500015864,0.438718505335,0.174490314622,100.0,0.00498543756063,-0.546097160487,-0.00345145677274,0.745898158109,0.00421844716668,1.25441278929,-0.00460194236366,100.0
7.732475,-1.06189820041,-0.643888435715,0.0421844716668,1.53819923505,0.118500015864,0.440252486123,0.174873809819,100.0,0.00421844716668,-0.546480655684,-0.00383495196971,0.745514662912,0.00421844716668,1.25479628449,-0.00421844716668,100.0
7.742421,-1.06151470522,-0.642354454927,0.0425679668638,1.53781573986,0.118500015864,0.440252486123,0.174490314622,100.0,0.00421844716668,-0.546097160487,-0.00345145677274,0.745514662912,0.00421844716668,1.25479628449,-0.00421844716668,100.0
7.752408,-1.06151470522,-0.642354454927,0.0425679668638,1.53781573986,0.118500015864,0.440252486123,0.174490314622,100.0,0.00421844716668,-0.546480655684,-0.00345145677274,0.745514662912,0.00383495196971,1.2540292941,-0.00498543756063,100.0
7.762409,-1.06151470522,-0.643121445321,0.0421844716668,1.53781573986,0.118883511061,0.441019476517,0.173723324228,100.0,0.00421844716668,-0.54571366529,-0.00383495196971,0.746281653306,0.00421844716668,1.25479628449,-0.00421844716668,100.0
7.772408,-1.06189820041,-0.642737950124,0.0421844716668,1.53743224466,0.118500015864,0.440252486123,0.174106819425,100.0,0.00383495196971,-0.546097160487,-0.00345145677274,0.745898158109,0.00460194236366,1.25517977969,-0.00460194236366,100.0
7.782426,-1.06228169561,-0.643121445321,0.0418009764699,1.53666525426,0.118883511061,0.439485495729,0.174873809819,100.0,0.00460194236366,-0.546480655684,-0.00383495196971,0.745514662912,0.00421844716668,1.25441278929,-0.00421844716668,100.0
7.792426,-1.06151470522,-0.643504940518,0.0421844716668,1.53704874946,0.119267006258,0.438718505335,0.174873809819,100.0,0.00460194236366,-0.546864150881,-0.00306796157577,0.745514662912,0.00421844716668,1.25479628449,-0.00460194236366,100.0
7.802445,-1.06151470522,-0.643121445321,0.0425679668638,1.53666525426,0.11773302547,0.438718505335,0.174490314622,100.0,0.00383495196971,-0.546097160487,-0.00383495196971,0.745514662912,0.00383495196971,1.25479628449,-0.00421844716668,100.0
7.812429,-1.06189820041,-0.642737950124,0.0421844716668,1.53704874946,0.118116520667,0.439485495729,0.174106819425,100.0,0.00421844716668,-0.546480655684,-0.00383495196971,0.745131167715,0.00383495196971,1.25479628449,-0.00421844716668,100.0
7.822431,-1.06113121002,-0.643121445321,0.0421844716668,1.53666525426,0.118500015864,0.439102000532,0.174873809819,100.0,0.00421844716668,-0.546480655684,-0.00421844716668,0.745514662912,0.00421844716668,1.25441278929,-0.00460194236366,100.0
7.832426,-1.06189820041,-0.643504940518,0.0429514620608,1.53589826387,0.118883511061,0.439868990926,0.174490314622,100.0,0.00421844716668,-0.546097160487,-0.00421844716668,0.746281653306,0.00383495196971,1.25479628449,-0.00421844716668,100.0
7.842427,-1.06113121002,-0.642737950124,0.0418009764699,1.53513127348,0.118500015864,0.440252486123,0.174873809819,100.0,0.00345145677274,-0.546097160487,-0.00345145677274,0.745898158109,0.00421844716668,1.25479628449,-0.00460194236366,100.0
7.852427,-1.06151470522,-0.642354454927,0.0429514620608,1.53589826387,0.118116520667,0.439485495729,0.175257305016,100.0,0.00421844716668,-0.546097160487,-0.0026844663788,0.745898158109,0.00383495196971,1.25517977969,-0.00460194236366,100.0
7.862426,-1.06228169561,-0.642737950124,0.0418009764699,1.53589826387,0.118883511061,0.440252486123,0.174106819425,100.0,0.00383495196971,-0.546864150881,-0.00345145677274,0.744747672518,0.00460194236366,1.25441278929,-0.00460194236366,100.0
7.872409,-1.06151470522,-0.643504940518,0.0425679668638,1.53589826387,0.119267006258,0.439868990926,0.174106819425,100.0,0.00383495196971,-0.546097160487,-0.00345145677274,0.744747672518,0.00421844716668,1.25441278929,-0.00498543756063,100.0
7.882422,-1.06189820041,-0.642354454927,0.0421844716668,1.53513127348,0.119267006258,0.439485495729,0.174490314622,100.0,0.00421844716668,-0.546097160487,-0.00421844716668,0.745514662912,0.00421844716668,1.25441278929,-0.00498543756063,100.0
7.892422,-1.06113121002,-0.643888435715,0.0425679668638,1.53589826387,0.118116520667,0.439485495729,0.174490314622,100.0,0.00460194236366,-0.546480655684,-0.00383495196971,0.745898158109,0.00383495196971,1.25479628449,-0.00421844716668,100.0
7.902414,-1.06151470522,-0.643121445321,0.0421844716668,1.53513127348,0.118883511061,0.438335010138,0.174106819425,100.0,0.00421844716668,-0.546480655684,-0.00306796157577,0.745898158109,0.00421844716668,1.25441278929,-0.00498543756063,100.0
7.912426,-1.06189820041,-0.642354454927,0.0421844716668,1.53513127348,0.118500015864,0.439868990926,0.175257305016,100.0,0.00383495196971,-0.546097160487,-0.00306796157577,0.745514662912,0.00421844716668,1.25517977969,-0.00498543756063,100.0
7.922427,-1.06113121002,-0.642737950124,0.0418009764699,1.53589826387,0.119267006258,0.439485495729,0.174873809819,100.0,0.00421844716668,-0.546097160487,-0.00306796157577,0.744747672518,0.00421844716668,1.2536457989,-0.00460194236366,100.0
7.932426,-1.06151470522,-0.642737950124,0.0418009764699,1.53628175907,0.118883511061,0.439485495729,0.174873809819,100.0,0.00460194236366,-0.546864150881,-0.00383495196971,0.745514662912,0.00460194236366,1.25441278929,-0.00460194236366,100.0
7.942409,-1.06151470522,-0.643504940518,0.0414174812729,1.53589826387,0.118883511061,0.439485495729,0.174490314622,100.0,0.00383495196971,-0.546097160487,-0.00306796157577,0.746281653306,0.00460194236366,1.25517977969,-0.00421844716668,100.0
7.952409,-1.06074771482,-0.642737950124,0.0410339860759,1.53589826387,0.118883511061,0.439485495729,0.174873809819,100.0,0.00498543756063,-0.546480655684,-0.00421844716668,0.746281653306,0.00421844716668,1.25556327488,-0.00460194236366,100.0
7.962428,-1.06151470522,-0.643504940518,0.0414174812729,1.53513127348,0.118883511061,0.439485495729,0.174106819425,100.0,0.00383495196971,-0.546480655684,-0.00306796157577,0.744364177321,0.00460194236366,1.25479628449,-0.00421844716668,100.0
7.972408,-1.06151470522,-0.643504940518,0.0421844716668,1.53513127348,0.118883511061,0.440252486123,0.174106819425,100.0,0.00383495196971,-0.546480655684,-0.00383495196971,0.745898158109,0.00383495196971,1.25479628449,-0.00575242795457,100.0
