time,left_s0,left_s1,left_e0,left_e1,left_w0,left_w1,left_w2,left_gripper,right_s0,right_s1,right_e0,right_e1,right_w0,right_w1,right_w2,right_gripper
0.471890,-0.870534097125,-0.16835439147,0.411873841547,0.685305916988,-0.441019476517,0.956820516444,0.191747598486,100.0,0.10891263594,-0.91041759761,-0.38617966335,2.49310227551,-1.88756335949,-0.213223329516,1.86493714287,95.744682312
0.471959,-0.870534097125,-0.16835439147,0.411873841547,0.685305916988,-0.441019476517,0.956820516444,0.191747598486,100.0,0.10891263594,-0.91041759761,-0.38617966335,2.49310227551,-1.88756335949,-0.213223329516,1.86493714287,95.744682312
0.482025,-0.870534097125,-0.171038857849,0.412257336744,0.68760688817,-0.44063598132,0.957971002034,0.19251458888,100.0,0.109296131137,-0.910801092807,-0.38617966335,2.49310227551,-1.88756335949,-0.213606824713,1.86570413327,95.744682312
0.492043,-0.870917592322,-0.174106819425,0.412257336744,0.689140868958,-0.441019476517,0.959121487625,0.192131093683,100.0,0.109679626334,-0.910034102413,-0.386563158547,2.49310227551,-1.88794685469,-0.212839834319,1.86532063807,95.744682312
0.502072,-0.870534097125,-0.176791285804,0.412640831941,0.691058344942,-0.441019476517,0.959121487625,0.191364103289,100.0,0.109679626334,-0.91041759761,-0.386563158547,2.49310227551,-1.88756335949,-0.213606824713,1.86570413327,95.744682312
0.512041,-0.870917592322,-0.180626237774,0.411873841547,0.692975820927,-0.44063598132,0.958737992428,0.191364103289,100.0,0.10891263594,-0.909650607216,-0.386563158547,2.49271878031,-1.88756335949,-0.21399031991,1.86532063807,95.744682312
0.522023,-0.870534097125,-0.184461189743,0.411873841547,0.694893296912,-0.44063598132,0.958354497231,0.192131093683,100.0,0.108529140743,-0.910801092807,-0.386946653744,2.49310227551,-1.88756335949,-0.214757310304,1.86532063807,95.744682312
0.532021,-0.870534097125,-0.187912646516,0.412640831941,0.697194268094,-0.441019476517,0.958737992428,0.191747598486,100.0,0.108145645546,-0.910801092807,-0.38617966335,2.49233528512,-1.88756335949,-0.21399031991,1.86532063807,95.744682312
0.542022,-0.871301087519,-0.191747598486,0.412257336744,0.699878734473,-0.44063598132,0.959888478019,0.191747598486,100.0,0.108529140743,-0.910801092807,-0.386563158547,2.49310227551,-1.8871798643,-0.215140805501,1.86570413327,95.744682312
0.552021,-0.870534097125,-0.195582550455,0.412640831941,0.702179705655,-0.44063598132,0.959888478019,0.192131093683,100.0,0.10891263594,-0.911184588004,-0.38617966335,2.49310227551,-1.88756335949,-0.213606824713,1.86532063807,95.744682312
0.562021,-0.870534097125,-0.199800997622,0.411873841547,0.704097181639,-0.44063598132,0.959888478019,0.192131093683,100.0,0.109296131137,-0.910801092807,-0.386946653744,2.49271878031,-1.88794685469,-0.21399031991,1.86532063807,95.744682312
0.572034,-0.870917592322,-0.203635949592,0.412257336744,0.707548638412,-0.441019476517,0.96103896361,0.19251458888,100.0,0.10891263594,-0.91041759761,-0.386563158547,2.49271878031,-1.88794685469,-0.213606824713,1.86608762846,95.744682312
0.582044,-0.870917592322,-0.207854396758,0.411873841547,0.709466114397,-0.44063598132,0.962572944398,0.192131093683,100.0,0.10891263594,-0.911184588004,-0.385796168153,2.49310227551,-1.8871798643,-0.213223329516,1.86570413327,95.744682312
0.592045,-0.870917592322,-0.212072843925,0.411873841547,0.712534075973,-0.441019476517,0.963723429989,0.19251458888,100.0,0.108529140743,-0.91041759761,-0.38617966335,2.49271878031,-1.8871798643,-0.21399031991,1.86493714287,95.744682312
0.602025,-0.870917592322,-0.215907795895,0.411873841547,0.715602037549,-0.44063598132,0.96487391558,0.192898084077,100.0,0.109296131137,-0.910801092807,-0.387330148941,2.49348577071,-1.88794685469,-0.213606824713,1.86493714287,95.744682312
0.612019,-0.870917592322,-0.221276728652,0.411873841547,0.718286503927,-0.44063598132,0.966791391565,0.191747598486,100.0,0.10891263594,-0.910034102413,-0.386563158547,2.49271878031,-1.88756335949,-0.213606824713,1.86493714287,95.744682312
0.622017,-0.870917592322,-0.225495175819,0.412257336744,0.721354465503,-0.44063598132,0.967941877156,0.192131093683,100.0,0.109296131137,-0.909650607216,-0.386563158547,2.49271878031,-1.8871798643,-0.214373815107,1.86570413327,95.744682312
0.632033,-0.870534097125,-0.228946632592,0.412640831941,0.724422427079,-0.44063598132,0.969092362747,0.191747598486,100.0,0.109296131137,-0.910034102413,-0.386946653744,2.49310227551,-1.88756335949,-0.213606824713,1.86532063807,95.744682312
0.642022,-0.870917592322,-0.234699060546,0.412257336744,0.727106893458,-0.44063598132,0.970242848338,0.19251458888,100.0,0.10891263594,-0.91041759761,-0.385412672956,2.49348577071,-1.88794685469,-0.21399031991,1.86532063807,95.744682312
0.652018,-0.870150601928,-0.238917507713,0.41149034635,0.729791359836,-0.439868990926,0.970626343534,0.191747598486,100.0,0.10891263594,-0.91041759761,-0.386563158547,2.49310227551,-1.8871798643,-0.214373815107,1.86532063807,95.744682312
0.662030,-0.870150601928,-0.244669935668,0.412257336744,0.732092331018,-0.441019476517,0.972543819519,0.191364103289,100.0,0.109679626334,-0.91041759761,-0.386946653744,2.49310227551,-1.8871798643,-0.213606824713,1.86532063807,95.744682312
0.672030,-0.870534097125,-0.250038868425,0.412640831941,0.735543787791,-0.44063598132,0.974077800307,0.19251458888,100.0,0.10891263594,-0.91041759761,-0.386946653744,2.49310227551,-1.8871798643,-0.21399031991,1.86570413327,95.744682312
0.682026,-0.870534097125,-0.255024305986,0.412640831941,0.739762234958,-0.439868990926,0.975611781095,0.19251458888,100.0,0.110063121531,-0.911184588004,-0.38617966335,2.49310227551,-1.88794685469,-0.213606824713,1.86570413327,95.744682312
0.692021,-0.870534097125,-0.260393238744,0.41149034635,0.742446701337,-0.440252486123,0.977145761883,0.192131093683,100.0,0.10891263594,-0.910801092807,-0.386946653744,2.49271878031,-1.88756335949,-0.21399031991,1.86570413327,95.744682312
0.702016,-0.871301087519,-0.267296152289,0.411873841547,0.746665148503,-0.441019476517,0.978679742671,0.191747598486,100.0,0.10891263594,-0.91041759761,-0.38617966335,2.49310227551,-1.8871798643,-0.21399031991,1.86532063807,95.744682312
0.712018,-0.870917592322,-0.27228158985,0.412257336744,0.750500100473,-0.439868990926,0.980213723459,0.191747598486,100.0,0.109296131137,-0.911184588004,-0.386563158547,2.49271878031,-1.88756335949,-0.213606824713,1.86532063807,95.744682312
0.722016,-0.870917592322,-0.278034017804,0.411873841547,0.753184566852,-0.44063598132,0.982131199444,0.191747598486,100.0,0.108529140743,-0.909650607216,-0.385796168153,2.49271878031,-1.8871798643,-0.21399031991,1.86570413327,95.744682312
0.732020,-0.870534097125,-0.284169940956,0.412257336744,0.756252528428,-0.441402971714,0.984048675428,0.191747598486,100.0,0.10891263594,-0.910034102413,-0.386563158547,2.49271878031,-1.8871798643,-0.213606824713,1.86570413327,95.744682312
0.742020,-0.870534097125,-0.289155378516,0.412640831941,0.7597039852,-0.440252486123,0.985199161019,0.191747598486,100.0,0.109296131137,-0.91041759761,-0.385796168153,2.49310227551,-1.88756335949,-0.213223329516,1.86570413327,95.744682312
0.752016,-0.870534097125,-0.296058292062,0.41149034635,0.762771946776,-0.440252486123,0.987116637004,0.192131093683,100.0,0.108529140743,-0.910801092807,-0.38617966335,2.49271878031,-1.88794685469,-0.213223329516,1.86532063807,95.744682312
0.762038,-0.870917592322,-0.30257771041,0.412257336744,0.766223403549,-0.441402971714,0.988650617792,0.191747598486,100.0,0.108529140743,-0.911184588004,-0.386946653744,2.49310227551,-1.88756335949,-0.213223329516,1.86570413327,95.744682312
0.772020,-0.870150601928,-0.307946643168,0.412257336744,0.770058355518,-0.44063598132,0.990568093777,0.192131093683,100.0,0.109296131137,-0.91041759761,-0.386946653744,2.49310227551,-1.8871798643,-0.213606824713,1.86532063807,95.744682312
0.782020,-0.871301087519,-0.314466061517,0.411873841547,0.773126317094,-0.441019476517,0.991718579368,0.191364103289,100.0,0.109296131137,-0.910801092807,-0.386563158547,2.49310227551,-1.8871798643,-0.213223329516,1.86493714287,95.744682312
0.792031,-0.871301087519,-0.320601984668,0.412257336744,0.77619427867,-0.441019476517,0.992485569762,0.191364103289,100.0,0.109296131137,-0.911184588004,-0.385796168153,2.49310227551,-1.88756335949,-0.213606824713,1.86532063807,95.744682312
0.802044,-0.871301087519,-0.325970917426,0.412640831941,0.779262240246,-0.441019476517,0.994403045747,0.190597112895,100.0,0.109296131137,-0.911184588004,-0.386563158547,2.49348577071,-1.88756335949,-0.213606824713,1.86493714287,95.744682312
0.812022,-0.870917592322,-0.334024316562,0.411873841547,0.782713697019,-0.44063598132,0.996704016929,0.190597112895,100.0,0.10891263594,-0.910034102413,-0.386563158547,2.49271878031,-1.88794685469,-0.214373815107,1.86493714287,95.744682312
0.822015,-0.871301087519,-0.340543734911,0.412640831941,0.785398163397,-0.44063598132,0.997471007322,0.189830122501,100.0,0.109679626334,-0.910034102413,-0.38617966335,2.49271878031,-1.88794685469,-0.21399031991,1.86532063807,95.744682312
0.832016,-0.871684582716,-0.347063153259,0.412257336744,0.787699134579,-0.441019476517,1.0005389689,0.190213617698,100.0,0.10891263594,-0.910801092807,-0.385796168153,2.49310227551,-1.8871798643,-0.21399031991,1.86532063807,95.744682312
0.842018,-0.871301087519,-0.353966066805,0.412257336744,0.790383600958,-0.440252486123,1.00168945449,0.190597112895,100.0,0.109296131137,-0.910034102413,-0.386563158547,2.49348577071,-1.8871798643,-0.213606824713,1.86532063807,95.744682312
0.852017,-0.871684582716,-0.360485485153,0.412257336744,0.793835057731,-0.44063598132,1.00360693047,0.190213617698,100.0,0.10891263594,-0.911568083201,-0.386563158547,2.49348577071,-1.88756335949,-0.213606824713,1.86532063807,95.744682312
0.862015,-0.871684582716,-0.367771893896,0.412257336744,0.79651952411,-0.44063598132,1.00514091126,0.189446627304,100.0,0.109679626334,-0.910801092807,-0.386563158547,2.49310227551,-1.88794685469,-0.213606824713,1.86493714287,95.744682312
0.872018,-0.872835068307,-0.374674807441,0.412640831941,0.800354476079,-0.44063598132,1.00744188244,0.189830122501,100.0,0.108529140743,-0.910801092807,-0.38617966335,2.49310227551,-1.88794685469,-0.213606824713,1.86455364767,95.744682312
0.882015,-0.872068077913,-0.38119422579,0.411873841547,0.802655447261,-0.441019476517,1.00859236803,0.190597112895,100.0,0.109296131137,-0.91041759761,-0.386563158547,2.49348577071,-1.8871798643,-0.213606824713,1.86570413327,95.744682312
0.892051,-0.873218563504,-0.388480634532,0.411873841547,0.804956418443,-0.44063598132,1.01012634882,0.189446627304,100.0,0.108529140743,-0.910801092807,-0.386563158547,2.49310227551,-1.8871798643,-0.213223329516,1.86532063807,95.744682312
0.902042,-0.873218563504,-0.395767043274,0.412257336744,0.807640884822,-0.44063598132,1.01242732,0.189446627304,100.0,0.10891263594,-0.910801092807,-0.38617966335,2.4938692659,-1.88794685469,-0.212839834319,1.86570413327,95.744682312
0.912029,-0.873602058701,-0.40266995682,0.411873841547,0.809941856003,-0.44063598132,1.01472829119,0.189830122501,100.0,0.109296131137,-0.91041759761,-0.386563158547,2.49271878031,-1.8871798643,-0.213606824713,1.86493714287,95.744682312
0.922016,-0.872835068307,-0.409572870365,0.411873841547,0.811475836791,-0.441019476517,1.01741275757,0.189063132107,100.0,0.10891263594,-0.910801092807,-0.386563158547,2.49310227551,-1.88794685469,-0.213606824713,1.86570413327,95.744682312
0.932039,-0.872835068307,-0.417626269502,0.412257336744,0.813776807973,-0.441019476517,1.01894673835,0.189830122501,100.0,0.109296131137,-0.910801092807,-0.386563158547,2.49310227551,-1.88756335949,-0.21399031991,1.86532063807,95.744682312
0.942068,-0.872835068307,-0.423378697456,0.411873841547,0.816461274352,-0.441019476517,1.02163120473,0.190597112895,100.0,0.109296131137,-0.910034102413,-0.38617966335,2.49310227551,-1.8871798643,-0.213606824713,1.86570413327,95.744682312
0.952042,-0.873218563504,-0.431432096593,0.411873841547,0.81799525514,-0.441019476517,1.02393217591,0.190213617698,100.0,0.10891263594,-0.91041759761,-0.385796168153,2.49310227551,-1.88794685469,-0.21399031991,1.86570413327,95.744682312
0.962025,-0.873602058701,-0.438335010138,0.412257336744,0.820679721519,-0.441402971714,1.0258496519,0.189830122501,100.0,0.10891263594,-0.911184588004,-0.38617966335,2.49310227551,-1.88756335949,-0.213606824713,1.86493714287,95.744682312
0.972145,-0.874369049095,-0.445621418881,0.411873841547,0.822597197504,-0.44063598132,1.02891761347,0.190213617698,100.0,0.109296131137,-0.910801092807,-0.386563158547,2.49271878031,-1.8864128739,-0.214757310304,1.86532063807,95.744682312
0.982040,-0.873602058701,-0.452907827623,0.411873841547,0.824514673488,-0.441019476517,1.03045159426,0.189830122501,100.0,0.109679626334,-0.910801092807,-0.38617966335,2.49310227551,-1.88794685469,-0.21399031991,1.86532063807,95.744682312
0.992049,-0.875136039489,-0.461344721957,0.411873841547,0.827199139867,-0.441402971714,1.03275256544,0.189830122501,100.0,0.109296131137,-0.91041759761,-0.38617966335,2.49310227551,-1.88756335949,-0.213223329516,1.86532063807,95.744682312
1.002038,-0.875136039489,-0.467480645108,0.412257336744,0.829500111049,-0.440252486123,1.03582052702,0.189446627304,100.0,0.109679626334,-0.910034102413,-0.386563158547,2.49233528512,-1.8871798643,-0.213606824713,1.86532063807,95.744682312
1.012035,-0.874752544292,-0.474383558654,0.412640831941,0.831417587034,-0.44063598132,1.0388884886,0.189830122501,100.0,0.108145645546,-0.911184588004,-0.386946653744,2.49271878031,-1.88756335949,-0.213223329516,1.86493714287,95.744682312
1.022022,-0.875519534686,-0.482053462593,0.412257336744,0.832951567822,-0.439868990926,1.04233994537,0.189830122501,100.0,0.10891263594,-0.910034102413,-0.386563158547,2.49310227551,-1.88756335949,-0.21399031991,1.86493714287,95.744682312
1.032017,-0.875519534686,-0.489339871335,0.412257336744,0.835252539004,-0.439868990926,1.04617489734,0.189446627304,100.0,0.10891263594,-0.91041759761,-0.386946653744,2.49310227551,-1.8871798643,-0.213223329516,1.86532063807,95.744682312
1.042019,-0.875903029883,-0.497009775275,0.411873841547,0.836786519791,-0.439485495729,1.04962635411,0.189063132107,100.0,0.109296131137,-0.910801092807,-0.38617966335,2.49310227551,-1.88756335949,-0.212839834319,1.86570413327,95.744682312
1.052041,-0.875903029883,-0.50391268882,0.41149034635,0.837937005382,-0.438718505335,1.05346130608,0.190213617698,100.0,0.10891263594,-0.911184588004,-0.386563158547,2.49310227551,-1.88756335949,-0.213606824713,1.86532063807,95.744682312
1.062023,-0.876670020277,-0.510815602366,0.412257336744,0.839854481367,-0.439485495729,1.05767975325,0.189830122501,100.0,0.109296131137,-0.910034102413,-0.385796168153,2.49310227551,-1.88794685469,-0.21399031991,1.86532063807,95.744682312
1.072038,-0.87628652508,-0.518102011108,0.412257336744,0.841771957352,-0.439485495729,1.06036421963,0.190597112895,100.0,0.109679626334,-0.91041759761,-0.386563158547,2.49310227551,-1.88756335949,-0.21399031991,1.86570413327,95.744682312
1.082041,-0.876670020277,-0.525388419851,0.411873841547,0.842538947746,-0.437951514941,1.06458266679,0.189830122501,100.0,0.109296131137,-0.91041759761,-0.38617966335,2.49310227551,-1.88794685469,-0.213606824713,1.86532063807,95.744682312
1.092039,-0.877820505867,-0.531907838199,0.412640831941,0.844072928534,-0.437951514941,1.06803412357,0.190213617698,100.0,0.109296131137,-0.911184588004,-0.386563158547,2.49310227551,-1.8871798643,-0.213606824713,1.86532063807,95.744682312
1.102026,-0.877053515473,-0.538810751745,0.411873841547,0.845223414125,-0.437568019744,1.07340305632,0.189830122501,100.0,0.10891263594,-0.91041759761,-0.386946653744,2.49310227551,-1.8871798643,-0.213606824713,1.86493714287,95.744682312
1.112032,-0.878204001064,-0.54571366529,0.411873841547,0.846373899716,-0.43680102935,1.07762150349,0.190213617698,100.0,0.108529140743,-0.909650607216,-0.38617966335,2.49271878031,-1.8871798643,-0.213223329516,1.86570413327,95.744682312
1.122041,-0.878204001064,-0.55338356923,0.411873841547,0.84714089011,-0.43680102935,1.08183995066,0.190213617698,100.0,0.109296131137,-0.910801092807,-0.38617966335,2.49271878031,-1.88756335949,-0.21399031991,1.86570413327,95.744682312
1.132021,-0.878204001064,-0.559902987578,0.41149034635,0.848291375701,-0.436417534153,1.08605839782,0.189446627304,100.0,0.109296131137,-0.910034102413,-0.386563158547,2.49310227551,-1.8871798643,-0.213223329516,1.86570413327,95.744682312
1.142051,-0.877820505867,-0.566422405927,0.412640831941,0.849058366095,-0.436034038956,1.09027684499,0.190213617698,100.0,0.10891263594,-0.91041759761,-0.386563158547,2.49348577071,-1.8864128739,-0.213606824713,1.86532063807,95.744682312
1.152055,-0.878204001064,-0.572941824275,0.41149034635,0.850592346882,-0.436034038956,1.09449529216,0.189830122501,100.0,0.10891263594,-0.91041759761,-0.385796168153,2.49348577071,-1.8871798643,-0.213606824713,1.86493714287,95.744682312
1.162042,-0.878204001064,-0.579844737821,0.412257336744,0.850975842079,-0.435650543759,1.09909723452,0.190213617698,100.0,0.10891263594,-0.910801092807,-0.38617966335,2.49310227551,-1.88756335949,-0.213606824713,1.86570413327,95.744682312
1.172022,-0.878970991458,-0.585980660972,0.412257336744,0.851742832473,-0.435650543759,1.10331568169,0.189830122501,100.0,0.109296131137,-0.910034102413,-0.38617966335,2.49310227551,-1.88756335949,-0.21399031991,1.86532063807,95.744682312
1.182033,-0.879737981852,-0.592500079321,0.411873841547,0.85212632767,-0.436034038956,1.10753412885,0.190213617698,100.0,0.10891263594,-0.910801092807,-0.386563158547,2.49233528512,-1.88794685469,-0.21399031991,1.86570413327,95.744682312
1.192031,-0.880888467443,-0.599786488063,0.411873841547,0.853276813261,-0.435267048562,1.11136908082,0.189830122501,100.0,0.10891263594,-0.910801092807,-0.386563158547,2.49271878031,-1.88756335949,-0.213606824713,1.86532063807,95.744682312
1.202018,-0.880504972246,-0.606305906412,0.411873841547,0.853660308458,-0.435650543759,1.1148205376,0.189830122501,100.0,0.109296131137,-0.909650607216,-0.386563158547,2.49310227551,-1.88833034989,-0.213606824713,1.86570413327,95.744682312
1.212023,-0.880888467443,-0.612441829563,0.412257336744,0.853660308458,-0.436034038956,1.11942247996,0.190213617698,100.0,0.10891263594,-0.910034102413,-0.386563158547,2.49310227551,-1.88756335949,-0.213606824713,1.86532063807,95.744682312
1.222057,-0.880504972246,-0.61666027673,0.412640831941,0.854043803655,-0.434883553366,1.12479141272,0.190213617698,100.0,0.109679626334,-0.910034102413,-0.386946653744,2.49310227551,-1.88756335949,-0.21399031991,1.86532063807,95.744682312
1.232055,-0.882805943428,-0.622796199881,0.412257336744,0.854043803655,-0.435650543759,1.1274758791,0.190597112895,100.0,0.10891263594,-0.910801092807,-0.38617966335,2.49348577071,-1.88794685469,-0.213606824713,1.86570413327,95.744682312
1.242027,-0.882038953034,-0.628165132639,0.412257336744,0.854427298852,-0.434883553366,1.13207782146,0.190213617698,100.0,0.109296131137,-0.91041759761,-0.38617966335,2.49310227551,-1.88756335949,-0.214373815107,1.86532063807,95.744682312
1.252019,-0.882422448231,-0.635451541382,0.412257336744,0.854810794049,-0.435650543759,1.13552927823,0.190213617698,100.0,0.109296131137,-0.91041759761,-0.386946653744,2.49310227551,-1.88756335949,-0.214373815107,1.86532063807,95.744682312
1.262047,-0.883189438625,-0.640053483745,0.41149034635,0.854043803655,-0.435650543759,1.1397477254,0.190213617698,100.0,0.10891263594,-0.910034102413,-0.386563158547,2.49271878031,-1.88756335949,-0.21399031991,1.86493714287,95.744682312
1.272023,-0.883189438625,-0.644271930912,0.412257336744,0.854043803655,-0.434883553366,1.14319918217,0.189446627304,100.0,0.10891263594,-0.91041759761,-0.386563158547,2.49271878031,-1.8864128739,-0.213223329516,1.86493714287,95.744682312
1.282051,-0.884339924216,-0.651174844457,0.411873841547,0.854427298852,-0.435650543759,1.14665063894,0.189830122501,100.0,0.108529140743,-0.91041759761,-0.38617966335,2.49310227551,-1.88756335949,-0.213223329516,1.86532063807,95.744682312
1.292086,-0.885490409807,-0.655776786821,0.412640831941,0.853660308458,-0.435267048562,1.15048559091,0.189830122501,100.0,0.10891263594,-0.910801092807,-0.386563158547,2.49271878031,-1.88756335949,-0.213606824713,1.86570413327,95.744682312
1.302081,-0.887024390595,-0.660762224382,0.412640831941,0.852893318064,-0.435650543759,1.15393704769,0.189830122501,100.0,0.109679626334,-0.91041759761,-0.386563158547,2.49271878031,-1.88756335949,-0.213606824713,1.86493714287,95.744682312
1.312078,-0.887407885792,-0.667665137927,0.411873841547,0.853276813261,-0.43680102935,1.15777199966,0.189830122501,100.0,0.109296131137,-0.91041759761,-0.38617966335,2.49310227551,-1.88756335949,-0.213606824713,1.86570413327,95.744682312
1.322096,-0.887407885792,-0.671883585094,0.411873841547,0.853660308458,-0.436034038956,1.16122345643,0.190597112895,100.0,0.109296131137,-0.910034102413,-0.38617966335,2.49348577071,-1.88756335949,-0.213223329516,1.86570413327,95.744682312
1.332070,-0.888558371383,-0.676485527457,0.412257336744,0.853276813261,-0.436034038956,1.16390792281,0.189446627304,100.0,0.10891263594,-0.910801092807,-0.38617966335,2.49348577071,-1.8864128739,-0.213223329516,1.86532063807,95.744682312
1.342042,-0.890092352171,-0.681470965018,0.41149034635,0.852893318064,-0.436417534153,1.16659238919,0.189446627304,100.0,0.10891263594,-0.911184588004,-0.38617966335,2.49271878031,-1.8871798643,-0.213223329516,1.86532063807,95.744682312
1.352044,-0.891626332958,-0.686456402579,0.41149034635,0.852893318064,-0.436417534153,1.17042734116,0.190213617698,100.0,0.109296131137,-0.91041759761,-0.38617966335,2.49271878031,-1.88756335949,-0.21399031991,1.86532063807,95.744682312
1.362021,-0.892009828155,-0.690674849745,0.411106851153,0.852893318064,-0.436034038956,1.17272831234,0.190213617698,100.0,0.10891263594,-0.910034102413,-0.385796168153,2.49310227551,-1.88794685469,-0.21399031991,1.86532063807,95.744682312
1.372034,-0.893543808943,-0.696043782503,0.410723355956,0.853660308458,-0.43680102935,1.17426229313,0.189830122501,100.0,0.109296131137,-0.91041759761,-0.385796168153,2.49310227551,-1.88756335949,-0.213606824713,1.86570413327,95.744682312
1.382054,-0.894310799337,-0.701029220064,0.409956365562,0.854427298852,-0.43680102935,1.17656326431,0.189830122501,100.0,0.10891263594,-0.91041759761,-0.38617966335,2.49348577071,-1.8871798643,-0.21399031991,1.86532063807,95.744682312
1.392149,-0.895844780125,-0.705631162427,0.409572870365,0.854043803655,-0.436034038956,1.17886423549,0.189830122501,100.0,0.10891263594,-0.910801092807,-0.385796168153,2.49271878031,-1.88794685469,-0.21399031991,1.86570413327,95.744682312
1.402051,-0.896995265716,-0.710616599988,0.410339860759,0.854043803655,-0.436034038956,1.18078171147,0.189830122501,100.0,0.109296131137,-0.91041759761,-0.386563158547,2.49310227551,-1.88794685469,-0.213606824713,1.86532063807,95.744682312
1.412026,-0.898529246504,-0.713684561564,0.409956365562,0.854427298852,-0.437184524547,1.18346617785,0.190213617698,100.0,0.108529140743,-0.911184588004,-0.385796168153,2.49233528512,-1.88794685469,-0.213606824713,1.86532063807,95.744682312
1.422053,-0.899679732095,-0.719053494321,0.409572870365,0.854427298852,-0.437951514941,1.18538365384,0.189830122501,100.0,0.10891263594,-0.911568083201,-0.385412672956,2.49310227551,-1.8864128739,-0.213606824713,1.86532063807,95.744682312
1.432036,-0.90159720808,-0.722888446291,0.409189375168,0.854043803655,-0.437951514941,1.18768462502,0.189830122501,100.0,0.108529140743,-0.909650607216,-0.386563158547,2.49271878031,-1.8864128739,-0.213606824713,1.86570413327,95.744682312
1.442042,-0.903131188868,-0.727490388655,0.409189375168,0.853660308458,-0.439102000532,1.1903690914,0.189446627304,100.0,0.10891263594,-0.91041759761,-0.38617966335,2.49271878031,-1.88756335949,-0.21399031991,1.86532063807,95.744682312
1.452023,-0.903514684065,-0.732092331018,0.409189375168,0.854043803655,-0.441019476517,1.19113608179,0.189830122501,100.0,0.109679626334,-0.910801092807,-0.386563158547,2.49310227551,-1.88794685469,-0.21399031991,1.86570413327,95.744682312
1.462019,-0.906199150443,-0.735160292594,0.408038889578,0.854043803655,-0.441402971714,1.19535452896,0.189063132107,100.0,0.108529140743,-0.91041759761,-0.38617966335,2.49271878031,-1.88756335949,-0.213223329516,1.86532063807,95.744682312
1.472021,-0.907349636034,-0.740145730155,0.408422384774,0.854043803655,-0.442553457305,1.19727200494,0.189830122501,100.0,0.10891263594,-0.911184588004,-0.386563158547,2.49271878031,-1.88756335949,-0.213606824713,1.86532063807,95.744682312
1.482041,-0.908500121625,-0.743597186927,0.407655394381,0.854043803655,-0.442936952502,1.19880598573,0.189830122501,100.0,0.109296131137,-0.91041759761,-0.386946653744,2.49271878031,-1.8871798643,-0.21399031991,1.86455364767,95.744682312
1.492045,-0.910034102413,-0.745898158109,0.407271899184,0.853276813261,-0.44447093329,1.20149045211,0.190213617698,100.0,0.10891263594,-0.91041759761,-0.386563158547,2.49310227551,-1.8871798643,-0.21399031991,1.86493714287,95.744682312
1.502074,-0.912335073595,-0.749349614882,0.406888403987,0.853660308458,-0.445621418881,1.2026409377,0.189446627304,100.0,0.10891263594,-0.910801092807,-0.386563158547,2.49310227551,-1.88756335949,-0.214373815107,1.86532063807,95.744682312
1.512059,-0.913102063989,-0.754335052443,0.40650490879,0.853660308458,-0.445621418881,1.20417491849,0.189446627304,100.0,0.109296131137,-0.91041759761,-0.385796168153,2.49348577071,-1.88756335949,-0.213606824713,1.86570413327,95.744682312
1.522055,-0.915403035171,-0.757019518821,0.40650490879,0.854427298852,-0.447155399669,1.20570889928,0.189446627304,100.0,0.10891263594,-0.910801092807,-0.385796168153,2.49271878031,-1.88756335949,-0.21399031991,1.86570413327,95.744682312
1.532054,-0.918087501549,-0.758936994806,0.405737918396,0.854427298852,-0.447538894866,1.20724288007,0.189446627304,100.0,0.109296131137,-0.910034102413,-0.386563158547,2.49310227551,-1.88756335949,-0.213223329516,1.86455364767,95.744682312
1.542033,-0.91923798714,-0.762771946776,0.404970928002,0.854043803655,-0.448689380456,1.20800987046,0.189446627304,100.0,0.108529140743,-0.91041759761,-0.386946653744,2.49310227551,-1.88756335949,-0.213606824713,1.86493714287,95.744682312
1.552042,-0.921922453519,-0.765072917958,0.404970928002,0.854427298852,-0.449072875653,1.20916035605,0.189830122501,100.0,0.109296131137,-0.909650607216,-0.38617966335,2.49310227551,-1.8864128739,-0.213606824713,1.86570413327,95.744682312
1.562026,-0.923839929504,-0.768907869928,0.403820442411,0.854043803655,-0.449072875653,1.21031084164,0.190213617698,100.0,0.109679626334,-0.910034102413,-0.385796168153,2.49271878031,-1.88794685469,-0.21399031991,1.86532063807,95.744682312
1.572023,-0.925373910292,-0.771208841109,0.403820442411,0.854810794049,-0.450990351638,1.21146132723,0.189446627304,100.0,0.10891263594,-0.91041759761,-0.385796168153,2.49271878031,-1.88756335949,-0.213606824713,1.86417015248,95.744682312
1.582022,-0.927674881474,-0.775043793079,0.402286461623,0.854427298852,-0.451373846835,1.21184482243,0.189830122501,100.0,0.109296131137,-0.910034102413,-0.386946653744,2.49310227551,-1.88794685469,-0.21399031991,1.86532063807,95.744682312
1.592105,-0.929975852656,-0.77619427867,0.401519471229,0.854427298852,-0.452140837229,1.21261181282,0.189830122501,100.0,0.10891263594,-0.910801092807,-0.38617966335,2.49310227551,-1.8871798643,-0.21399031991,1.86570413327,95.744682312
1.602054,-0.931509833443,-0.778111754655,0.400368985638,0.854810794049,-0.451373846835,1.21414579361,0.190213617698,100.0,0.109296131137,-0.91041759761,-0.38617966335,2.49271878031,-1.8871798643,-0.21399031991,1.86532063807,95.744682312
1.612049,-0.933810804625,-0.780796221034,0.399985490441,0.854427298852,-0.452140837229,1.21414579361,0.18867963691,100.0,0.109679626334,-0.91041759761,-0.38617966335,2.49348577071,-1.88756335949,-0.21399031991,1.86493714287,95.744682312
1.622045,-0.93572828061,-0.782330201822,0.39883500485,0.854427298852,-0.452524332426,1.21491278401,0.190597112895,100.0,0.108529140743,-0.910801092807,-0.386563158547,2.49310227551,-1.88756335949,-0.213606824713,1.86570413327,95.744682312
1.632027,-0.937645756595,-0.785781658594,0.398068014456,0.853660308458,-0.45329132282,1.21491278401,0.190213617698,100.0,0.10891263594,-0.910801092807,-0.38617966335,2.49310227551,-1.88756335949,-0.21399031991,1.86570413327,95.744682312
1.642023,-0.940330222974,-0.785781658594,0.397301024062,0.854427298852,-0.452907827623,1.2156797744,0.189446627304,100.0,0.109296131137,-0.911184588004,-0.386563158547,2.49271878031,-1.88833034989,-0.213606824713,1.86532063807,95.744682312
1.652036,-0.943014689353,-0.788082629776,0.396534033668,0.854043803655,-0.45329132282,1.2156797744,0.190213617698,100.0,0.10891263594,-0.910801092807,-0.386946653744,2.49310227551,-1.88794685469,-0.214373815107,1.86493714287,95.744682312
1.662028,-0.944932165337,-0.790000105761,0.395383548077,0.853660308458,-0.454058313214,1.21644676479,0.189446627304,100.0,0.109296131137,-0.91041759761,-0.386563158547,2.49271878031,-1.88794685469,-0.213606824713,1.86570413327,95.744682312
1.672022,-0.948000126913,-0.791917581746,0.394233062487,0.854043803655,-0.452907827623,1.21683025999,0.190213617698,100.0,0.10891263594,-0.910801092807,-0.386563158547,2.49271878031,-1.8871798643,-0.213223329516,1.86570413327,95.744682312
1.682022,-0.950684593292,-0.793451562534,0.39384956729,0.853660308458,-0.452907827623,1.21721375519,0.190597112895,100.0,0.10891263594,-0.910801092807,-0.386563158547,2.49271878031,-1.8864128739,-0.213223329516,1.86493714287,95.744682312
1.692215,-0.953369059671,-0.793835057731,0.393082576896,0.853660308458,-0.452140837229,1.21798074558,0.189446627304,100.0,0.10891263594,-0.911184588004,-0.386563158547,2.49310227551,-1.8871798643,-0.213223329516,1.86570413327,95.744682312
1.702037,-0.956437021247,-0.795369038519,0.392315586502,0.853276813261,-0.452907827623,1.21836424078,0.190980608092,100.0,0.10891263594,-0.91041759761,-0.386563158547,2.49310227551,-1.8871798643,-0.213606824713,1.86532063807,95.744682312
1.712042,-0.959504982822,-0.797286514503,0.391165100911,0.852509822867,-0.452524332426,1.21913123117,0.190597112895,100.0,0.109296131137,-0.910034102413,-0.386563158547,2.49310227551,-1.88756335949,-0.21399031991,1.86570413327,95.744682312
1.722022,-0.962189449201,-0.7976700097,0.391548596108,0.852893318064,-0.451757342032,1.22028171676,0.190213617698,100.0,0.10891263594,-0.91041759761,-0.38617966335,2.49233528512,-1.8871798643,-0.212839834319,1.86532063807,95.744682312
1.732021,-0.965640905974,-0.799203990488,0.391165100911,0.852509822867,-0.450990351638,1.22143220235,0.191747598486,100.0,0.10891263594,-0.910801092807,-0.386563158547,2.49271878031,-1.88756335949,-0.21399031991,1.86493714287,95.744682312
1.742040,-0.968325372353,-0.800354476079,0.391548596108,0.851742832473,-0.451373846835,1.22334967834,0.191364103289,100.0,0.10891263594,-0.910034102413,-0.386563158547,2.49271878031,-1.88756335949,-0.214373815107,1.86570413327,95.744682312
1.752024,-0.970626343534,-0.800737971276,0.391548596108,0.851359337276,-0.450606856441,1.22526715432,0.191364103289,100.0,0.109296131137,-0.910801092807,-0.38617966335,2.49233528512,-1.88756335949,-0.214373815107,1.86608762846,95.744682312
1.762021,-0.974461295504,-0.802271952064,0.391165100911,0.849825356489,-0.44945637085,1.22680113511,0.190213617698,100.0,0.10891263594,-0.91041759761,-0.386563158547,2.49271878031,-1.8871798643,-0.214757310304,1.86532063807,95.744682312
1.772019,-0.977145761883,-0.804572923246,0.391548596108,0.850208851685,-0.44945637085,1.22986909669,0.190980608092,100.0,0.10891263594,-0.910801092807,-0.38617966335,2.49310227551,-1.8871798643,-0.213606824713,1.86532063807,95.744682312
1.782020,-0.980213723459,-0.804189428049,0.392315586502,0.849441861292,-0.44830588526,1.23255356307,0.191364103289,100.0,0.10891263594,-0.910801092807,-0.386563158547,2.49310227551,-1.88833034989,-0.21399031991,1.86532063807,95.744682312
1.792022,-0.982898189838,-0.805723408837,0.391548596108,0.848674870898,-0.449072875653,1.23447103905,0.190213617698,100.0,0.109679626334,-0.91041759761,-0.386946653744,2.49348577071,-1.88756335949,-0.213223329516,1.86493714287,95.744682312
1.802038,-0.984815665822,-0.807257389625,0.391932091305,0.848674870898,-0.447922390063,1.23753900063,0.190980608092,100.0,0.109296131137,-0.91041759761,-0.38617966335,2.49348577071,-1.88756335949,-0.21399031991,1.86532063807,95.744682312
1.812045,-0.987883627398,-0.806490399231,0.391548596108,0.848291375701,-0.44830588526,1.24022346701,0.190980608092,100.0,0.109296131137,-0.91041759761,-0.38617966335,2.49348577071,-1.8871798643,-0.213606824713,1.86532063807,95.744682312
1.822029,-0.990951588974,-0.808407875216,0.391932091305,0.847524385307,-0.44830588526,1.24367492378,0.190597112895,100.0,0.109296131137,-0.910801092807,-0.38617966335,2.49233528512,-1.8871798643,-0.213223329516,1.86455364767,95.744682312
1.832042,-0.99401955055,-0.809558360807,0.391165100911,0.847907880504,-0.44830588526,1.24674288535,0.190980608092,100.0,0.10891263594,-0.91041759761,-0.386563158547,2.49271878031,-1.88756335949,-0.213606824713,1.86493714287,95.744682312
1.842047,-0.996320521732,-0.80917486561,0.392315586502,0.846373899716,-0.447155399669,1.25019434213,0.191364103289,100.0,0.109679626334,-0.91041759761,-0.386563158547,2.49310227551,-1.88794685469,-0.213606824713,1.86493714287,95.744682312
1.852042,-0.999388483307,-0.811475836791,0.390781605714,0.846757394913,-0.447922390063,1.25287880851,0.190597112895,100.0,0.108529140743,-0.910801092807,-0.38617966335,2.49271878031,-1.88756335949,-0.213606824713,1.86532063807,95.744682312
1.862029,-1.00207294969,-0.811859331988,0.391932091305,0.845990404519,-0.447155399669,1.25709725567,0.190980608092,100.0,0.108529140743,-0.910801092807,-0.386946653744,2.49271878031,-1.88794685469,-0.213606824713,1.86532063807,95.744682312
1.872024,-1.00475741606,-0.812242827185,0.390781605714,0.845223414125,-0.447155399669,1.26016521725,0.190597112895,100.0,0.10891263594,-0.91041759761,-0.386563158547,2.49348577071,-1.88756335949,-0.213606824713,1.86647112366,95.744682312
1.882020,-1.00744188244,-0.81416030317,0.391165100911,0.843689433337,-0.447155399669,1.26323317882,0.190597112895,100.0,0.10891263594,-0.91041759761,-0.386563158547,2.49310227551,-1.88794685469,-0.213223329516,1.86570413327,95.744682312
1.892021,-1.01089333922,-0.81416030317,0.391165100911,0.84330593814,-0.447155399669,1.2659176452,0.190597112895,100.0,0.109296131137,-0.91041759761,-0.386563158547,2.49310227551,-1.8871798643,-0.213223329516,1.86532063807,95.744682312
1.902041,-1.0131943104,-0.81416030317,0.391165100911,0.842155452549,-0.447155399669,1.26821861638,0.190597112895,100.0,0.10891263594,-0.91041759761,-0.386563158547,2.49271878031,-1.88794685469,-0.213606824713,1.86532063807,95.744682312
1.912027,-1.01702926237,-0.814543798367,0.391165100911,0.841388462155,-0.447538894866,1.27013609237,0.190597112895,100.0,0.109296131137,-0.91041759761,-0.386563158547,2.49310227551,-1.88756335949,-0.213606824713,1.86532063807,95.744682312
1.922038,-1.01894673835,-0.814927293564,0.390781605714,0.841004966958,-0.447538894866,1.27243706355,0.190213617698,100.0,0.109296131137,-0.910034102413,-0.386563158547,2.49310227551,-1.88794685469,-0.21399031991,1.86570413327,95.744682312
1.932060,-1.02163120473,-0.81416030317,0.391165100911,0.839854481367,-0.447922390063,1.27282055875,0.189830122501,100.0,0.10891263594,-0.910034102413,-0.38617966335,2.49310227551,-1.88794685469,-0.213606824713,1.86532063807,95.744682312
1.942026,-1.02469916631,-0.814543798367,0.390781605714,0.83947098617,-0.447922390063,1.27397104434,0.190213617698,100.0,0.108145645546,-0.910801092807,-0.386563158547,2.49310227551,-1.88794685469,-0.21399031991,1.86570413327,95.744682312
1.952042,-1.02853411828,-0.816077779155,0.390781605714,0.839087490973,-0.447922390063,1.27358754914,0.190213617698,100.0,0.109679626334,-0.91041759761,-0.38617966335,2.49310227551,-1.8871798643,-0.21399031991,1.86570413327,95.744682312
1.962023,-1.03083508946,-0.815694283958,0.390781605714,0.837937005382,-0.447538894866,1.27397104434,0.189446627304,100.0,0.10891263594,-0.910801092807,-0.386946653744,2.49348577071,-1.8871798643,-0.214757310304,1.86532063807,95.744682312
1.972060,-1.03428654623,-0.813776807973,0.391165100911,0.838703995776,-0.447538894866,1.27320405394,0.189446627304,100.0,0.109296131137,-0.910801092807,-0.38617966335,2.49348577071,-1.88756335949,-0.214757310304,1.86532063807,95.744682312
1.982039,-1.03735450781,-0.814543798367,0.390781605714,0.837937005382,-0.447922390063,1.27243706355,0.18867963691,100.0,0.109296131137,-0.910801092807,-0.386563158547,2.49310227551,-1.88756335949,-0.214373815107,1.86532063807,95.744682312
1.992073,-1.04118945978,-0.813393312776,0.390781605714,0.838320500579,-0.447922390063,1.27167007316,0.18867963691,100.0,0.108529140743,-0.91041759761,-0.385796168153,2.49348577071,-1.88756335949,-0.214373815107,1.86532063807,95.744682312
2.002078,-1.04387392616,-0.813393312776,0.390398110517,0.838320500579,-0.447922390063,1.26936910198,0.189063132107,100.0,0.109679626334,-0.911184588004,-0.386946653744,2.49310227551,-1.88756335949,-0.213606824713,1.86532063807,95.744682312
2.012059,-1.04770887813,-0.813393312776,0.390781605714,0.838703995776,-0.447922390063,1.26821861638,0.189063132107,100.0,0.10891263594,-0.911184588004,-0.385796168153,2.49310227551,-1.88756335949,-0.213606824713,1.86532063807,95.744682312
2.022080,-1.05231082049,-0.811859331988,0.39001461532,0.839087490973,-0.447922390063,1.2663011404,0.189063132107,100.0,0.109296131137,-0.910801092807,-0.386563158547,2.49348577071,-1.88756335949,-0.213606824713,1.86532063807,95.744682312
2.032077,-1.05499528687,-0.811092341594,0.389631120123,0.83947098617,-0.447538894866,1.26476715961,0.189063132107,100.0,0.10891263594,-0.91041759761,-0.385412672956,2.49271878031,-1.88756335949,-0.213606824713,1.86493714287,95.744682312
2.042056,-1.05844674364,-0.809941856003,0.389631120123,0.840621471761,-0.447538894866,1.26284968363,0.18867963691,100.0,0.10891263594,-0.91041759761,-0.386563158547,2.49271878031,-1.8871798643,-0.21399031991,1.86570413327,95.744682312
2.052058,-1.06189820041,-0.80917486561,0.389631120123,0.840621471761,-0.44830588526,1.25978172205,0.188296141713,100.0,0.108529140743,-0.91041759761,-0.386563158547,2.49233528512,-1.8871798643,-0.213223329516,1.86570413327,95.744682312
2.062082,-1.06611664758,-0.807257389625,0.388864129729,0.841771957352,-0.447922390063,1.25786424607,0.188296141713,100.0,0.109296131137,-0.91041759761,-0.386563158547,2.49271878031,-1.8871798643,-0.213606824713,1.86532063807,95.744682312
2.072062,-1.06841761876,-0.806106904034,0.388864129729,0.841388462155,-0.447538894866,1.2540292941,0.187529151319,100.0,0.109296131137,-0.910034102413,-0.38617966335,2.49310227551,-1.88794685469,-0.213606824713,1.86570413327,95.744682312
2.082060,-1.07263606593,-0.80533991364,0.388480634532,0.841771957352,-0.446771904472,1.25172832291,0.18867963691,100.0,0.10891263594,-0.91041759761,-0.386563158547,2.49233528512,-1.8871798643,-0.213606824713,1.86532063807,95.744682312
2.092058,-1.0764710179,-0.803805932852,0.388480634532,0.842922442943,-0.44830588526,1.24827686614,0.187529151319,100.0,0.10891263594,-0.91041759761,-0.386563158547,2.49271878031,-1.88756335949,-0.214373815107,1.86493714287,95.744682312
2.102127,-1.07953897947,-0.802655447261,0.388097139335,0.84330593814,-0.447922390063,1.24559239976,0.187529151319,100.0,0.10891263594,-0.910801092807,-0.38617966335,2.49348577071,-1.88756335949,-0.213606824713,1.86493714287,95.744682312
2.112143,-1.08260694105,-0.799970980882,0.387330148941,0.84330593814,-0.447155399669,1.24214094299,0.187912646516,100.0,0.109296131137,-0.911184588004,-0.385796168153,2.49271878031,-1.8864128739,-0.214373815107,1.86493714287,95.744682312
2.122169,-1.08720888341,-0.7976700097,0.386563158547,0.84330593814,-0.446771904472,1.23868948622,0.187529151319,100.0,0.109296131137,-0.910801092807,-0.38617966335,2.49310227551,-1.88756335949,-0.21399031991,1.86532063807,95.744682312
2.132130,-1.09066034019,-0.795369038519,0.387330148941,0.844072928534,-0.446004914078,1.23562152464,0.186762160925,100.0,0.109296131137,-0.91041759761,-0.386563158547,2.49271878031,-1.88794685469,-0.21399031991,1.86532063807,95.744682312
2.142133,-1.09372830176,-0.79268457214,0.386946653744,0.844456423731,-0.446004914078,1.23178657267,0.187912646516,100.0,0.10891263594,-0.910034102413,-0.386946653744,2.49310227551,-1.88756335949,-0.213223329516,1.86570413327,95.744682312
2.152151,-1.09794674893,-0.790767096155,0.386563158547,0.844072928534,-0.446388409275,1.2279516207,0.187912646516,100.0,0.10891263594,-0.910801092807,-0.386563158547,2.49310227551,-1.88756335949,-0.213223329516,1.86493714287,95.744682312
2.162180,-1.1017817009,-0.787315639382,0.386946653744,0.845223414125,-0.446771904472,1.22526715432,0.187145656122,100.0,0.10891263594,-0.91041759761,-0.385796168153,2.49271878031,-1.88756335949,-0.213606824713,1.86532063807,95.744682312
2.172105,-1.10561665287,-0.785398163397,0.385796168153,0.844839918928,-0.445621418881,1.22143220235,0.187529151319,100.0,0.108529140743,-0.91041759761,-0.386946653744,2.49271878031,-1.8871798643,-0.213223329516,1.86532063807,95.744682312
2.182112,-1.10868461444,-0.781563211428,0.385796168153,0.845606909322,-0.445621418881,1.21836424078,0.186378665728,100.0,0.109679626334,-0.91041759761,-0.386563158547,2.49271878031,-1.8864128739,-0.213606824713,1.86532063807,95.744682312
2.192093,-1.11290306161,-0.777728259458,0.385029177759,0.845990404519,-0.445237923684,1.21452928881,0.186762160925,100.0,0.109296131137,-0.91041759761,-0.385796168153,2.49310227551,-1.88756335949,-0.212839834319,1.86493714287,95.744682312
2.202095,-1.11558752799,-0.775427288276,0.385412672956,0.845606909322,-0.445621418881,1.21107783204,0.186762160925,100.0,0.109296131137,-0.910801092807,-0.38617966335,2.49271878031,-1.88794685469,-0.213223329516,1.86532063807,95.744682312
2.212102,-1.11942247996,-0.7723593267,0.385412672956,0.846373899716,-0.445237923684,1.20762637526,0.187145656122,100.0,0.109296131137,-0.91041759761,-0.38617966335,2.49348577071,-1.88756335949,-0.213606824713,1.86570413327,95.744682312
2.222103,-1.12325743193,-0.768524374731,0.385412672956,0.845990404519,-0.444854428487,1.20494190888,0.186378665728,100.0,0.109296131137,-0.910034102413,-0.385796168153,2.49310227551,-1.88833034989,-0.213606824713,1.86570413327,95.744682312
2.232107,-1.12555840311,-0.763922432367,0.385029177759,0.846757394913,-0.444854428487,1.20033996652,0.187529151319,100.0,0.109296131137,-0.910801092807,-0.386563158547,2.49310227551,-1.88756335949,-0.21399031991,1.86493714287,95.744682312
2.242137,-1.12977685028,-0.760087480397,0.385412672956,0.84714089011,-0.444087438093,1.19688850975,0.186378665728,100.0,0.10891263594,-0.911184588004,-0.386563158547,2.49271878031,-1.88794685469,-0.21399031991,1.86455364767,95.744682312
2.252099,-1.13322830705,-0.755869033231,0.385412672956,0.84714089011,-0.44447093329,1.19190307219,0.187145656122,100.0,0.109296131137,-0.910801092807,-0.385796168153,2.49271878031,-1.88794685469,-0.214373815107,1.86570413327,95.744682312
2.262116,-1.13667976382,-0.750500100473,0.384262187365,0.847524385307,-0.444854428487,1.18921860581,0.186378665728,100.0,0.109296131137,-0.91041759761,-0.385796168153,2.49271878031,-1.88756335949,-0.213606824713,1.86608762846,95.744682312
2.272113,-1.14051471579,-0.7470486437,0.384262187365,0.847907880504,-0.444087438093,1.18500015864,0.187145656122,100.0,0.109679626334,-0.910801092807,-0.385796168153,2.49310227551,-1.88794685469,-0.21399031991,1.86570413327,95.744682312
2.282156,-1.14396617257,-0.742830196534,0.384645682562,0.847907880504,-0.443320447699,1.18078171147,0.186762160925,100.0,0.10891263594,-0.91041759761,-0.386563158547,2.49310227551,-1.88756335949,-0.21399031991,1.86532063807,95.744682312
2.292092,-1.14741762934,-0.737844758973,0.384645682562,0.848291375701,-0.443320447699,1.17617976911,0.186762160925,100.0,0.109296131137,-0.91041759761,-0.38617966335,2.49310227551,-1.8871798643,-0.213223329516,1.86493714287,95.744682312
2.302366,-1.15125258131,-0.732092331018,0.385029177759,0.848674870898,-0.443703942896,1.17196132194,0.186762160925,100.0,0.10891263594,-0.911184588004,-0.385796168153,2.49310227551,-1.8871798643,-0.213606824713,1.86493714287,95.744682312
2.312099,-1.15470403808,-0.727490388655,0.384262187365,0.849058366095,-0.442936952502,1.16735937958,0.187145656122,100.0,0.109296131137,-0.910801092807,-0.387330148941,2.49348577071,-1.88794685469,-0.213223329516,1.86455364767,95.744682312
2.322078,-1.15738850446,-0.722121455897,0.385029177759,0.848674870898,-0.442169962108,1.16160695163,0.187145656122,100.0,0.10891263594,-0.91041759761,-0.386563158547,2.49348577071,-1.88756335949,-0.213223329516,1.86570413327,95.744682312
2.332069,-1.15968947564,-0.715985532746,0.384262187365,0.848674870898,-0.442169962108,1.15738850446,0.186762160925,100.0,0.109296131137,-0.910034102413,-0.38617966335,2.49310227551,-1.8871798643,-0.213606824713,1.86532063807,95.744682312
2.342035,-1.16352442761,-0.711767085579,0.384262187365,0.849825356489,-0.441019476517,1.1524030669,0.186762160925,100.0,0.10891263594,-0.910801092807,-0.386563158547,2.49271878031,-1.8871798643,-0.213606824713,1.86493714287,95.744682312
2.352033,-1.16697588438,-0.70524766723,0.384262187365,0.849825356489,-0.440252486123,1.14703413414,0.187145656122,100.0,0.109679626334,-0.910801092807,-0.386563158547,2.49348577071,-1.88794685469,-0.213606824713,1.86532063807,95.744682312
2.362040,-1.17042734116,-0.698344753685,0.384262187365,0.850208851685,-0.438718505335,1.14051471579,0.187145656122,100.0,0.109679626334,-0.910801092807,-0.38617966335,2.49271878031,-1.88756335949,-0.213606824713,1.86570413327,95.744682312
2.372029,-1.17272831234,-0.692975820927,0.384645682562,0.851742832473,-0.438718505335,1.13476228784,0.186762160925,100.0,0.109296131137,-0.910034102413,-0.38617966335,2.49271878031,-1.8871798643,-0.213606824713,1.86608762846,95.744682312
2.382041,-1.17617976911,-0.686839897776,0.383878692168,0.851742832473,-0.43680102935,1.12785937429,0.187529151319,100.0,0.109296131137,-0.910801092807,-0.38617966335,2.49310227551,-1.8871798643,-0.214373815107,1.86570413327,95.744682312
2.392025,-1.17963122588,-0.67993698423,0.383878692168,0.85212632767,-0.436417534153,1.12210694634,0.186762160925,100.0,0.109296131137,-0.910801092807,-0.386563158547,2.49310227551,-1.88756335949,-0.21399031991,1.86455364767,95.744682312
2.402037,-1.18269918746,-0.673417565882,0.383878692168,0.853276813261,-0.435650543759,1.1148205376,0.186762160925,100.0,0.10891263594,-0.91041759761,-0.38617966335,2.49348577071,-1.8871798643,-0.21399031991,1.86532063807,95.744682312
2.412041,-1.18576714904,-0.667665137927,0.384262187365,0.853660308458,-0.434500058169,1.10906810964,0.187145656122,100.0,0.108529140743,-0.910801092807,-0.386946653744,2.49310227551,-1.88756335949,-0.21399031991,1.86493714287,95.744682312
2.422026,-1.18883511061,-0.661912709973,0.383495196971,0.854043803655,-0.434500058169,1.1021651961,0.187145656122,100.0,0.109296131137,-0.91041759761,-0.386563158547,2.49271878031,-1.88756335949,-0.21399031991,1.86570413327,95.744682312
2.432058,-1.19190307219,-0.656160282018,0.383878692168,0.855194289246,-0.433349572578,1.09411179696,0.186378665728,100.0,0.10891263594,-0.91041759761,-0.386563158547,2.49310227551,-1.88756335949,-0.21399031991,1.86493714287,95.744682312
2.442027,-1.19497103376,-0.648490378079,0.383878692168,0.85596127964,-0.432582582184,1.08682538822,0.186762160925,100.0,0.10891263594,-0.910801092807,-0.386946653744,2.49348577071,-1.88794685469,-0.213606824713,1.86493714287,95.744682312
2.452043,-1.19765550014,-0.64197095973,0.383111701774,0.857111765231,-0.430281611002,1.08068946507,0.186378665728,100.0,0.109296131137,-0.910801092807,-0.386563158547,2.49348577071,-1.88794685469,-0.213606824713,1.86532063807,95.744682312
2.462026,-1.20110695691,-0.635068046185,0.383495196971,0.857878755625,-0.429514620608,1.07263606593,0.185995170531,100.0,0.109296131137,-0.910801092807,-0.385796168153,2.49271878031,-1.88756335949,-0.213223329516,1.86493714287,95.744682312
2.472052,-1.20417491849,-0.628548627836,0.382728206577,0.858262250822,-0.428747630214,1.06573315238,0.185611675334,100.0,0.108145645546,-0.909650607216,-0.386563158547,2.49348577071,-1.8871798643,-0.213223329516,1.86570413327,95.744682312
2.482028,-1.20647588967,-0.621262219094,0.383111701774,0.85979623161,-0.42798063982,1.05767975325,0.185995170531,100.0,0.109296131137,-0.910801092807,-0.386563158547,2.49310227551,-1.8871798643,-0.213223329516,1.86570413327,95.744682312
2.492042,-1.20954385125,-0.613592315154,0.383111701774,0.860563222004,-0.42798063982,1.0507768397,0.186378665728,100.0,0.10891263594,-0.910034102413,-0.38617966335,2.49310227551,-1.88794685469,-0.213606824713,1.86570413327,95.744682312
2.502056,-1.21184482243,-0.607456392003,0.38234471138,0.861713707595,-0.427213649426,1.04233994537,0.18484468494,100.0,0.109296131137,-0.91041759761,-0.38617966335,2.49348577071,-1.8871798643,-0.21399031991,1.86532063807,95.744682312
2.512040,-1.2156797744,-0.60016998326,0.383495196971,0.862480697989,-0.425679668638,1.03467004143,0.184461189743,100.0,0.109296131137,-0.910801092807,-0.38617966335,2.49310227551,-1.88794685469,-0.21399031991,1.86532063807,95.744682312
2.522058,-1.21798074558,-0.59134959373,0.383111701774,0.862864193186,-0.425679668638,1.02661664229,0.183694199349,100.0,0.10891263594,-0.910801092807,-0.38617966335,2.49310227551,-1.88794685469,-0.21399031991,1.86532063807,95.744682312
2.532041,-1.22104870716,-0.584446680184,0.382728206577,0.863247688383,-0.424912678244,1.01779625276,0.182927208955,100.0,0.109296131137,-0.910801092807,-0.38617966335,2.49233528512,-1.88756335949,-0.214373815107,1.86532063807,95.744682312
2.542061,-1.22373317354,-0.577927261836,0.382728206577,0.86478166917,-0.425679668638,1.01012634882,0.182927208955,100.0,0.10891263594,-0.910034102413,-0.386563158547,2.49310227551,-1.88794685469,-0.214373815107,1.86532063807,95.744682312
2.552040,-1.22565064952,-0.570257357896,0.383111701774,0.86478166917,-0.426063163835,1.00130595929,0.183310704152,100.0,0.10891263594,-0.910801092807,-0.386563158547,2.49310227551,-1.88756335949,-0.213606824713,1.86532063807,95.744682312
2.562028,-1.2287186111,-0.56220395876,0.38234471138,0.865165164367,-0.425679668638,0.993252560156,0.183310704152,100.0,0.10891263594,-0.910034102413,-0.386563158547,2.49271878031,-1.88794685469,-0.213606824713,1.86570413327,95.744682312
2.572021,-1.23178657267,-0.556068035608,0.382728206577,0.866315649958,-0.425296173441,0.985966151413,0.182543713758,100.0,0.10891263594,-0.91041759761,-0.386946653744,2.49310227551,-1.8871798643,-0.213606824713,1.86532063807,95.744682312
2.582038,-1.23370404866,-0.548014636472,0.382728206577,0.866315649958,-0.426063163835,0.976762266686,0.182927208955,100.0,0.109296131137,-0.910801092807,-0.386946653744,2.49310227551,-1.88794685469,-0.213606824713,1.86455364767,95.744682312
2.592026,-1.23562152464,-0.54072822773,0.38234471138,0.866699145155,-0.425296173441,0.969092362747,0.182543713758,100.0,0.10891263594,-0.91041759761,-0.38617966335,2.49271878031,-1.88756335949,-0.213223329516,1.86570413327,95.744682312
2.602052,-1.23830599102,-0.533825314184,0.383111701774,0.866315649958,-0.425679668638,0.960655468413,0.183310704152,100.0,0.10891263594,-0.91041759761,-0.386563158547,2.49310227551,-1.88794685469,-0.213223329516,1.86455364767,95.744682312
2.612028,-1.2409904574,-0.526155410245,0.381961216183,0.867082640352,-0.426063163835,0.953369059671,0.182927208955,100.0,0.109296131137,-0.910801092807,-0.385796168153,2.49310227551,-1.88756335949,-0.213223329516,1.86493714287,95.744682312
2.622023,-1.24329142858,-0.518485506305,0.381577720986,0.865932154761,-0.426446659032,0.946082650928,0.182160218561,100.0,0.10891263594,-0.910801092807,-0.385796168153,2.49233528512,-1.8871798643,-0.21399031991,1.86532063807,95.744682312
2.632022,-1.24520890457,-0.511199097563,0.381961216183,0.866699145155,-0.427213649426,0.938412746989,0.182160218561,100.0,0.109296131137,-0.911184588004,-0.38617966335,2.49310227551,-1.8871798643,-0.213223329516,1.86532063807,95.744682312
2.642067,-1.24712638055,-0.504296184017,0.381961216183,0.866699145155,-0.424912678244,0.932276823837,0.182543713758,100.0,0.109296131137,-0.910801092807,-0.38617966335,2.49310227551,-1.88756335949,-0.213223329516,1.86570413327,95.744682312
2.652068,-1.24942735173,-0.497009775275,0.38119422579,0.866315649958,-0.426063163835,0.925757405489,0.182927208955,100.0,0.109296131137,-0.910801092807,-0.38617966335,2.49271878031,-1.88756335949,-0.21399031991,1.86532063807,95.744682312
2.662034,-1.25134482772,-0.489339871335,0.38119422579,0.865548659564,-0.426063163835,0.919621482337,0.182160218561,100.0,0.108529140743,-0.910034102413,-0.386946653744,2.49271878031,-1.8871798643,-0.214373815107,1.86532063807,95.744682312
2.672041,-1.2536457989,-0.482820452987,0.38119422579,0.866315649958,-0.426446659032,0.913485559186,0.183310704152,100.0,0.108529140743,-0.91041759761,-0.38617966335,2.49310227551,-1.8871798643,-0.213606824713,1.86608762846,95.744682312
2.682036,-1.25633026528,-0.475150549048,0.380810730593,0.865165164367,-0.426063163835,0.907733131231,0.183310704152,100.0,0.10891263594,-0.91041759761,-0.386563158547,2.49348577071,-1.88756335949,-0.21399031991,1.86570413327,95.744682312
2.692025,-1.25748075087,-0.469014625896,0.380427235396,0.865548659564,-0.427213649426,0.904281674458,0.183310704152,100.0,0.10891263594,-0.91041759761,-0.386563158547,2.49310227551,-1.8871798643,-0.214373815107,1.86493714287,95.744682312
2.702021,-1.25978172205,-0.462495207547,0.380427235396,0.865165164367,-0.427213649426,0.898145751307,0.183694199349,100.0,0.108529140743,-0.910801092807,-0.386563158547,2.49271878031,-1.88756335949,-0.213606824713,1.86570413327,95.744682312
2.712031,-1.26169919804,-0.455592294002,0.380427235396,0.864398173973,-0.42798063982,0.892776818549,0.183310704152,100.0,0.10891263594,-0.910034102413,-0.386946653744,2.49310227551,-1.88756335949,-0.213223329516,1.86532063807,95.744682312
2.722059,-1.26361667402,-0.448689380456,0.380427235396,0.865165164367,-0.429131125411,0.888174876186,0.183694199349,100.0,0.10891263594,-0.910034102413,-0.385412672956,2.49195178992,-1.88756335949,-0.213606824713,1.86532063807,95.744682312
2.732046,-1.26515065481,-0.442936952502,0.380427235396,0.865165164367,-0.429898115805,0.882038953034,0.183694199349,100.0,0.109296131137,-0.91041759761,-0.38617966335,2.49310227551,-1.8871798643,-0.212839834319,1.86493714287,95.744682312
2.742024,-1.26745162599,-0.43680102935,0.380810730593,0.86478166917,-0.430281611002,0.87628652508,0.183694199349,100.0,0.10891263594,-0.91041759761,-0.386563158547,2.49310227551,-1.88756335949,-0.213606824713,1.86608762846,95.744682312
2.752038,-1.26936910198,-0.430665106199,0.380810730593,0.865165164367,-0.43181559179,0.873218563504,0.182927208955,100.0,0.109296131137,-0.910034102413,-0.386563158547,2.49271878031,-1.88794685469,-0.213223329516,1.86570413327,95.744682312
2.762035,-1.27128657796,-0.42414568785,0.380427235396,0.865165164367,-0.432582582184,0.868233125943,0.183694199349,100.0,0.10891263594,-0.91041759761,-0.38617966335,2.49271878031,-1.88756335949,-0.213606824713,1.86493714287,95.744682312
2.772041,-1.27282055875,-0.419543745487,0.380427235396,0.865165164367,-0.433349572578,0.862864193186,0.184077694546,100.0,0.10891263594,-0.91041759761,-0.386563158547,2.49310227551,-1.8871798643,-0.213223329516,1.86532063807,95.744682312
2.782026,-1.27550502513,-0.413024327138,0.380427235396,0.86478166917,-0.434116562972,0.859412736413,0.184461189743,100.0,0.10891263594,-0.910801092807,-0.38617966335,2.49310227551,-1.88794685469,-0.213606824713,1.86570413327,95.744682312
2.792021,-1.27627201552,-0.407271899184,0.380427235396,0.86478166917,-0.434116562972,0.854427298852,0.18484468494,100.0,0.109296131137,-0.91041759761,-0.38617966335,2.49310227551,-1.88794685469,-0.213606824713,1.86570413327,95.744682312
2.802052,-1.2785729867,-0.402286461623,0.380043740199,0.864398173973,-0.436034038956,0.850975842079,0.184461189743,100.0,0.10891263594,-0.910801092807,-0.38617966335,2.49271878031,-1.8864128739,-0.214757310304,1.86493714287,95.744682312
2.812041,-1.28049046269,-0.396534033668,0.380043740199,0.86478166917,-0.436034038956,0.847524385307,0.18484468494,100.0,0.109296131137,-0.910801092807,-0.385796168153,2.49348577071,-1.8871798643,-0.214373815107,1.86570413327,95.744682312
2.822023,-1.28202444348,-0.390781605714,0.380427235396,0.864398173973,-0.43680102935,0.843689433337,0.185228180137,100.0,0.109296131137,-0.910801092807,-0.38617966335,2.49271878031,-1.8871798643,-0.21399031991,1.86493714287,95.744682312
2.832023,-1.28394191946,-0.386563158547,0.380043740199,0.864014678776,-0.436034038956,0.840621471761,0.185611675334,100.0,0.10891263594,-0.91041759761,-0.386946653744,2.49271878031,-1.88756335949,-0.213606824713,1.86532063807,95.744682312
2.842023,-1.28585939544,-0.381577720986,0.38119422579,0.86478166917,-0.437184524547,0.836786519791,0.185611675334,100.0,0.109296131137,-0.910034102413,-0.38617966335,2.49310227551,-1.88756335949,-0.213223329516,1.86532063807,95.744682312
2.852020,-1.28700988104,-0.376975778623,0.380427235396,0.86478166917,-0.437184524547,0.833718558216,0.185228180137,100.0,0.108529140743,-0.910801092807,-0.385796168153,2.49348577071,-1.8864128739,-0.21399031991,1.86493714287,95.744682312
2.862038,-1.28892735702,-0.371990341062,0.380043740199,0.863631183579,-0.437184524547,0.830267101443,0.185228180137,100.0,0.10891263594,-0.910801092807,-0.385796168153,2.49348577071,-1.88756335949,-0.212839834319,1.86455364767,95.744682312
2.872061,-1.28931085222,-0.368155389092,0.380043740199,0.864014678776,-0.437568019744,0.827966130261,0.185228180137,100.0,0.10891263594,-0.910801092807,-0.38617966335,2.49310227551,-1.88794685469,-0.213606824713,1.86532063807,95.744682312
2.882041,-1.29084483301,-0.364320437123,0.379660245002,0.863631183579,-0.43680102935,0.825281663882,0.185611675334,100.0,0.10891263594,-0.910801092807,-0.386563158547,2.49233528512,-1.8871798643,-0.212839834319,1.86570413327,95.744682312
2.892021,-1.29276230899,-0.358951504365,0.380810730593,0.863631183579,-0.438335010138,0.82183020711,0.185611675334,100.0,0.109296131137,-0.91041759761,-0.386563158547,2.49310227551,-1.8871798643,-0.213606824713,1.86532063807,95.744682312
2.902021,-1.29429628978,-0.354349562002,0.380043740199,0.863631183579,-0.438335010138,0.819145740731,0.185611675334,100.0,0.109296131137,-0.91041759761,-0.386563158547,2.49348577071,-1.8871798643,-0.213606824713,1.86570413327,95.744682312
2.912056,-1.29583027057,-0.350898105229,0.380427235396,0.863247688383,-0.437951514941,0.816077779155,0.185995170531,100.0,0.109296131137,-0.91041759761,-0.386563158547,2.49310227551,-1.88756335949,-0.213606824713,1.86570413327,95.744682312
2.922042,-1.29621376576,-0.346679658062,0.379276749805,0.863631183579,-0.438335010138,0.812242827185,0.186378665728,100.0,0.109296131137,-0.909650607216,-0.386563158547,2.49233528512,-1.88756335949,-0.21399031991,1.86532063807,95.744682312
2.932061,-1.29813124175,-0.342461210895,0.380043740199,0.863631183579,-0.438718505335,0.8103253512,0.187145656122,100.0,0.109296131137,-0.91041759761,-0.385796168153,2.49310227551,-1.88756335949,-0.21399031991,1.86532063807,95.744682312
2.942042,-1.29889823214,-0.338626258926,0.379276749805,0.863247688383,-0.438718505335,0.806490399231,0.187145656122,100.0,0.10891263594,-0.910801092807,-0.386563158547,2.49310227551,-1.88756335949,-0.21399031991,1.86493714287,95.744682312
2.952042,-1.30081570813,-0.334024316562,0.379276749805,0.863247688383,-0.439102000532,0.803422437655,0.186762160925,100.0,0.10891263594,-0.910034102413,-0.38617966335,2.49271878031,-1.8871798643,-0.213606824713,1.86532063807,95.744682312
2.962026,-1.30158269852,-0.33172334538,0.379660245002,0.862864193186,-0.437568019744,0.798820495291,0.187529151319,100.0,0.109679626334,-0.910801092807,-0.38617966335,2.49310227551,-1.8871798643,-0.21399031991,1.86493714287,95.744682312
2.972053,-1.30273318411,-0.328271888607,0.378893254608,0.862864193186,-0.439485495729,0.794985543322,0.186378665728,100.0,0.109296131137,-0.910801092807,-0.38617966335,2.49271878031,-1.8871798643,-0.214373815107,1.86532063807,95.744682312
2.982036,-1.3038836697,-0.324053441441,0.379660245002,0.862480697989,-0.439102000532,0.790767096155,0.187529151319,100.0,0.109296131137,-0.910801092807,-0.38617966335,2.49310227551,-1.8871798643,-0.214373815107,1.86493714287,95.744682312
2.992046,-1.3046506601,-0.320601984668,0.379276749805,0.862480697989,-0.439485495729,0.786932144185,0.186762160925,100.0,0.109296131137,-0.910801092807,-0.386563158547,2.49310227551,-1.88756335949,-0.21399031991,1.86532063807,95.744682312
3.002039,-1.30580114569,-0.318301013486,0.379660245002,0.862097202792,-0.439102000532,0.782330201822,0.186762160925,100.0,0.109296131137,-0.910801092807,-0.38617966335,2.49310227551,-1.88794685469,-0.21399031991,1.86532063807,95.744682312
3.012028,-1.30733512648,-0.314849556713,0.380043740199,0.861713707595,-0.439485495729,0.777728259458,0.186762160925,100.0,0.10891263594,-0.911184588004,-0.386563158547,2.49271878031,-1.88756335949,-0.213606824713,1.86570413327,95.744682312
3.022047,-1.30771862167,-0.311398099941,0.380043740199,0.862480697989,-0.439485495729,0.773126317094,0.185995170531,100.0,0.10891263594,-0.910034102413,-0.387330148941,2.49271878031,-1.88756335949,-0.214373815107,1.86532063807,95.744682312
3.032063,-1.30848561207,-0.308330138365,0.378893254608,0.862864193186,-0.440252486123,0.768524374731,0.187145656122,100.0,0.109679626334,-0.91041759761,-0.386946653744,2.49348577071,-1.88756335949,-0.213606824713,1.86570413327,95.744682312
3.042046,-1.30925260246,-0.304495186395,0.378893254608,0.862864193186,-0.441019476517,0.762771946776,0.186762160925,100.0,0.109296131137,-0.910034102413,-0.386946653744,2.49348577071,-1.88794685469,-0.213606824713,1.86532063807,95.744682312
3.052021,-1.31040308805,-0.30257771041,0.378893254608,0.862097202792,-0.441402971714,0.757786509215,0.186378665728,100.0,0.10891263594,-0.910801092807,-0.38617966335,2.49348577071,-1.88794685469,-0.212839834319,1.86608762846,95.744682312
3.062020,-1.31078658325,-0.299126253638,0.378126264214,0.862480697989,-0.441402971714,0.753568062049,0.185995170531,100.0,0.10891263594,-0.910801092807,-0.386946653744,2.49271878031,-1.88756335949,-0.214373815107,1.86570413327,95.744682312
3.072039,-1.31155357364,-0.296441787259,0.378509759411,0.862864193186,-0.441402971714,0.747815634094,0.183310704152,100.0,0.10891263594,-0.91041759761,-0.386946653744,2.49310227551,-1.8871798643,-0.213606824713,1.86493714287,95.744682312
3.082049,-1.31155357364,-0.294140816077,0.377742769017,0.862097202792,-0.442169962108,0.742830196534,0.182927208955,100.0,0.10891263594,-0.910034102413,-0.386563158547,2.49271878031,-1.88794685469,-0.213223329516,1.86570413327,95.744682312
3.092018,-1.31193706884,-0.291456349698,0.377742769017,0.862480697989,-0.443703942896,0.738611749367,0.182927208955,100.0,0.109679626334,-0.910801092807,-0.385796168153,2.49271878031,-1.8871798643,-0.213606824713,1.86532063807,95.744682312
3.102021,-1.31193706884,-0.288388388122,0.377742769017,0.862480697989,-0.44447093329,0.734009807003,0.183310704152,100.0,0.109296131137,-0.910801092807,-0.38617966335,2.49310227551,-1.8864128739,-0.21399031991,1.86532063807,95.744682312
3.112020,-1.31270405923,-0.285703921744,0.37735927382,0.860946717201,-0.444087438093,0.729791359836,0.183694199349,100.0,0.109296131137,-0.91041759761,-0.38617966335,2.49271878031,-1.88756335949,-0.213606824713,1.86493714287,95.744682312
3.122055,-1.31308755443,-0.283402950562,0.37735927382,0.861713707595,-0.44447093329,0.724805922276,0.182543713758,100.0,0.10891263594,-0.910034102413,-0.386563158547,2.49310227551,-1.8871798643,-0.213606824713,1.86570413327,95.744682312
3.132044,-1.31308755443,-0.281485474577,0.37735927382,0.860179726807,-0.446004914078,0.721354465503,0.182927208955,100.0,0.109296131137,-0.910801092807,-0.386563158547,2.49271878031,-1.88794685469,-0.213223329516,1.86532063807,95.744682312
3.142022,-1.31308755443,-0.279184503395,0.376975778623,0.860946717201,-0.447155399669,0.717136018336,0.182927208955,100.0,0.10891263594,-0.910801092807,-0.386563158547,2.49233528512,-1.88756335949,-0.21399031991,1.86532063807,95.744682312
3.152039,-1.31270405923,-0.276500037016,0.37735927382,0.860946717201,-0.447922390063,0.713301066367,0.182927208955,100.0,0.108529140743,-0.91041759761,-0.38617966335,2.49271878031,-1.88833034989,-0.214373815107,1.86570413327,95.744682312
3.162027,-1.31308755443,-0.273048580244,0.376975778623,0.860563222004,-0.448689380456,0.711000095185,0.183694199349,100.0,0.109296131137,-0.910801092807,-0.38617966335,2.49271878031,-1.88756335949,-0.213223329516,1.86570413327,95.744682312
3.172023,-1.31347104963,-0.272665085047,0.37735927382,0.860563222004,-0.449839866047,0.707548638412,0.183310704152,100.0,0.108529140743,-0.910801092807,-0.38617966335,2.49271878031,-1.88794685469,-0.21399031991,1.86608762846,95.744682312
3.182023,-1.31347104963,-0.270747609062,0.376592283426,0.860563222004,-0.450990351638,0.703330191245,0.183310704152,100.0,0.109296131137,-0.911568083201,-0.38617966335,2.49348577071,-1.88756335949,-0.214373815107,1.86493714287,95.744682312
3.192049,-1.31347104963,-0.268830133077,0.376592283426,0.860179726807,-0.45329132282,0.701412715261,0.183694199349,100.0,0.109296131137,-0.91041759761,-0.386563158547,2.49310227551,-1.88756335949,-0.213606824713,1.86532063807,95.744682312
3.202026,-1.31308755443,-0.266912657092,0.376975778623,0.860179726807,-0.45329132282,0.699111744079,0.182927208955,100.0,0.10891263594,-0.91041759761,-0.386563158547,2.49310227551,-1.88756335949,-0.213606824713,1.86493714287,95.744682312
3.212028,-1.31347104963,-0.264995181107,0.376592283426,0.860179726807,-0.454825303608,0.6964272777,0.182927208955,100.0,0.108529140743,-0.910801092807,-0.38617966335,2.49310227551,-1.8871798643,-0.213606824713,1.86532063807,95.744682312
3.222025,-1.31385454482,-0.263077705122,0.376592283426,0.860179726807,-0.456359284396,0.694509801715,0.183694199349,100.0,0.10891263594,-0.910034102413,-0.385412672956,2.49310227551,-1.88756335949,-0.213606824713,1.86570413327,95.744682312
3.232022,-1.31308755443,-0.261927219531,0.37735927382,0.860179726807,-0.457893265184,0.69259232573,0.183310704152,100.0,0.10891263594,-0.910801092807,-0.386563158547,2.49310227551,-1.88794685469,-0.213606824713,1.86532063807,95.744682312
3.242021,-1.31270405923,-0.260009743547,0.376975778623,0.860179726807,-0.459043750775,0.689524364154,0.183694199349,100.0,0.10891263594,-0.911184588004,-0.38617966335,2.49310227551,-1.8871798643,-0.21399031991,1.86570413327,95.744682312
3.252022,-1.31308755443,-0.259242753153,0.37735927382,0.860946717201,-0.46096122676,0.687223392973,0.183310704152,100.0,0.10891263594,-0.91041759761,-0.386563158547,2.49271878031,-1.88756335949,-0.213606824713,1.86532063807,95.744682312
3.262020,-1.31232056404,-0.258092267562,0.376592283426,0.860563222004,-0.463262197941,0.684922421791,0.184077694546,100.0,0.109296131137,-0.91041759761,-0.385796168153,2.49271878031,-1.88756335949,-0.213606824713,1.86608762846,95.744682312
3.272140,-1.31347104963,-0.256558286774,0.37735927382,0.860946717201,-0.463645693138,0.683388441003,0.183694199349,100.0,0.109296131137,-0.910034102413,-0.386946653744,2.49348577071,-1.88794685469,-0.213223329516,1.86455364767,95.744682312
3.282028,-1.31270405923,-0.254257315592,0.377742769017,0.860179726807,-0.466330159517,0.680703974624,0.184077694546,100.0,0.10891263594,-0.91041759761,-0.386563158547,2.49271878031,-1.88756335949,-0.214373815107,1.86570413327,95.744682312
3.292040,-1.31232056404,-0.253490325198,0.376975778623,0.860563222004,-0.467480645108,0.678403003442,0.184461189743,100.0,0.10891263594,-0.910801092807,-0.38617966335,2.49271878031,-1.88756335949,-0.213606824713,1.86493714287,95.744682312
3.302020,-1.31270405923,-0.251572849213,0.376975778623,0.860179726807,-0.468631130699,0.677252517851,0.185228180137,100.0,0.109296131137,-0.91041759761,-0.386563158547,2.49310227551,-1.88756335949,-0.214373815107,1.86532063807,95.744682312
3.312020,-1.31155357364,-0.250422363622,0.376975778623,0.85979623161,-0.470548606684,0.67495154667,0.184461189743,100.0,0.108529140743,-0.91041759761,-0.38617966335,2.49310227551,-1.88794685469,-0.213606824713,1.86532063807,95.744682312
3.322036,-1.31193706884,-0.248888382834,0.376975778623,0.860563222004,-0.472466082669,0.673034070685,0.18484468494,100.0,0.109296131137,-0.910801092807,-0.386946653744,2.49310227551,-1.88794685469,-0.213223329516,1.86532063807,95.744682312
3.332023,-1.31117007845,-0.247737897243,0.376975778623,0.860563222004,-0.473233073063,0.6711165947,0.185228180137,100.0,0.108529140743,-0.91041759761,-0.386946653744,2.49310227551,-1.88756335949,-0.213606824713,1.86493714287,95.744682312
3.342023,-1.31193706884,-0.246203916456,0.37735927382,0.85979623161,-0.475917539441,0.668432128321,0.185228180137,100.0,0.109296131137,-0.911568083201,-0.385796168153,2.49310227551,-1.88794685469,-0.213606824713,1.86570413327,95.744682312
3.352021,-1.31078658325,-0.245053430865,0.376592283426,0.85979623161,-0.477068025032,0.666514652336,0.185228180137,100.0,0.10891263594,-0.910801092807,-0.38617966335,2.49233528512,-1.88794685469,-0.213606824713,1.86493714287,95.744682312
3.362036,-1.31117007845,-0.244286440471,0.376975778623,0.860563222004,-0.477451520229,0.66344669076,0.185611675334,100.0,0.10891263594,-0.910034102413,-0.38617966335,2.49310227551,-1.88756335949,-0.213606824713,1.86532063807,95.744682312
3.372040,-1.31040308805,-0.24313595488,0.376592283426,0.85979623161,-0.479368996214,0.661529214776,0.18484468494,100.0,0.108529140743,-0.911184588004,-0.38617966335,2.49271878031,-1.88794685469,-0.213606824713,1.86532063807,95.744682312
3.382022,-1.31001959285,-0.242368964486,0.376975778623,0.860179726807,-0.480902977002,0.659228243594,0.185611675334,100.0,0.10891263594,-0.910034102413,-0.386946653744,2.49271878031,-1.8871798643,-0.21399031991,1.86493714287,95.744682312
3.392034,-1.31001959285,-0.241218478895,0.376592283426,0.860946717201,-0.482053462593,0.656160282018,0.186378665728,100.0,0.10891263594,-0.910801092807,-0.386563158547,2.49271878031,-1.88794685469,-0.212839834319,1.86493714287,95.744682312
3.402033,-1.30963609766,-0.240451488501,0.376592283426,0.860179726807,-0.483203948184,0.653859310836,0.185995170531,100.0,0.109296131137,-0.911184588004,-0.386563158547,2.49271878031,-1.88756335949,-0.21399031991,1.86493714287,95.744682312
3.412043,-1.31117007845,-0.238534012516,0.376975778623,0.860946717201,-0.484737928972,0.651558339654,0.18484468494,100.0,0.109679626334,-0.910801092807,-0.38617966335,2.49310227551,-1.8871798643,-0.213606824713,1.86493714287,95.744682312
3.422024,-1.30963609766,-0.237000031728,0.376975778623,0.860179726807,-0.487422395351,0.649640863669,0.18484468494,100.0,0.109679626334,-0.911184588004,-0.386946653744,2.49310227551,-1.88833034989,-0.213606824713,1.86570413327,95.744682312
3.432036,-1.30963609766,-0.236616536531,0.376975778623,0.860563222004,-0.488956376138,0.646572902094,0.185995170531,100.0,0.108529140743,-0.911184588004,-0.38617966335,2.49310227551,-1.88756335949,-0.213606824713,1.86532063807,95.744682312
3.442025,-1.30963609766,-0.234315565349,0.376975778623,0.85979623161,-0.489339871335,0.643888435715,0.185995170531,100.0,0.109296131137,-0.91041759761,-0.38617966335,2.49310227551,-1.88756335949,-0.214373815107,1.86455364767,95.744682312
3.452022,-1.30963609766,-0.233932070153,0.376975778623,0.85979623161,-0.490873852123,0.641203969336,0.185995170531,100.0,0.10891263594,-0.910801092807,-0.38617966335,2.49310227551,-1.8871798643,-0.213606824713,1.86493714287,95.744682312
3.462039,-1.30848561207,-0.232014594168,0.37735927382,0.85979623161,-0.492791328108,0.638902998154,0.186762160925,100.0,0.109679626334,-0.91041759761,-0.386563158547,2.49348577071,-1.88794685469,-0.21399031991,1.86570413327,95.744682312
3.472038,-1.30848561207,-0.231631098971,0.376975778623,0.860179726807,-0.494325308896,0.635835036579,0.186378665728,100.0,0.109296131137,-0.911184588004,-0.38617966335,2.49233528512,-1.8871798643,-0.213223329516,1.86570413327,95.744682312
3.482023,-1.30848561207,-0.229713622986,0.376592283426,0.85979623161,-0.49509229929,0.634301055791,0.187145656122,100.0,0.10891263594,-0.910801092807,-0.38617966335,2.49310227551,-1.8871798643,-0.21399031991,1.86532063807,95.744682312
3.492019,-1.30886910726,-0.228946632592,0.376592283426,0.85979623161,-0.495859289684,0.631616589412,0.18867963691,100.0,0.109296131137,-0.91041759761,-0.386563158547,2.49310227551,-1.88794685469,-0.213606824713,1.86570413327,95.744682312
3.502019,-1.30848561207,-0.227796147001,0.376975778623,0.85979623161,-0.498543756063,0.629699113427,0.189446627304,100.0,0.10891263594,-0.910801092807,-0.386946653744,2.49310227551,-1.8871798643,-0.213223329516,1.86532063807,95.744682312
3.512043,-1.30886910726,-0.227029156607,0.376592283426,0.860563222004,-0.499694241654,0.627781637442,0.189830122501,100.0,0.109296131137,-0.910801092807,-0.38617966335,2.49310227551,-1.88756335949,-0.21399031991,1.86570413327,95.744682312
3.522055,-1.30810211687,-0.225878671016,0.376208788229,0.860179726807,-0.499310746457,0.625864161457,0.189830122501,100.0,0.109679626334,-0.910034102413,-0.386946653744,2.49271878031,-1.88756335949,-0.21399031991,1.86532063807,95.744682312
3.532050,-1.30886910726,-0.223961195031,0.376592283426,0.85979623161,-0.499310746457,0.623946685472,0.189830122501,100.0,0.109296131137,-0.91041759761,-0.386563158547,2.49271878031,-1.88756335949,-0.213606824713,1.86532063807,95.744682312
3.542061,-1.30810211687,-0.223577699834,0.376208788229,0.85979623161,-0.499694241654,0.621262219094,0.189830122501,100.0,0.10891263594,-0.91041759761,-0.385796168153,2.49310227551,-1.8864128739,-0.213606824713,1.86570413327,95.744682312
3.552068,-1.30886910726,-0.222427214243,0.376592283426,0.85979623161,-0.499694241654,0.619728238306,0.190213617698,100.0,0.109296131137,-0.91041759761,-0.386563158547,2.49310227551,-1.8871798643,-0.213223329516,1.86532063807,95.744682312
3.562040,-1.30810211687,-0.221660223849,0.376592283426,0.859029241216,-0.500077736851,0.617427267124,0.190213617698,100.0,0.10891263594,-0.910801092807,-0.38617966335,2.49271878031,-1.88756335949,-0.213223329516,1.86532063807,95.744682312
3.572061,-1.30886910726,-0.220126243062,0.376208788229,0.859412736413,-0.499694241654,0.615509791139,0.190213617698,100.0,0.10891263594,-0.910801092807,-0.385796168153,2.49348577071,-1.8871798643,-0.213223329516,1.86493714287,95.744682312
3.582047,-1.30771862167,-0.219359252668,0.376975778623,0.859412736413,-0.500461232048,0.613975810351,0.190597112895,100.0,0.10891263594,-0.91041759761,-0.385796168153,2.49271878031,-1.88794685469,-0.213606824713,1.86493714287,95.744682312
3.592033,-1.30886910726,-0.217441776683,0.376208788229,0.859412736413,-0.500461232048,0.612058334366,0.190213617698,100.0,0.10891263594,-0.91041759761,-0.386563158547,2.49348577071,-1.88833034989,-0.213223329516,1.86532063807,95.744682312
3.602024,-1.30810211687,-0.216674786289,0.376208788229,0.85979623161,-0.500461232048,0.610524353578,0.190597112895,100.0,0.108529140743,-0.91041759761,-0.386563158547,2.49271878031,-1.88794685469,-0.213223329516,1.86532063807,95.744682312
3.612020,-1.30886910726,-0.215524300698,0.376592283426,0.859412736413,-0.500461232048,0.609373867987,0.190597112895,100.0,0.10891263594,-0.91041759761,-0.38617966335,2.49310227551,-1.8871798643,-0.213606824713,1.86608762846,95.744682312
3.622036,-1.30848561207,-0.214373815107,0.376592283426,0.859412736413,-0.500077736851,0.607456392003,0.190597112895,100.0,0.10891263594,-0.91041759761,-0.38617966335,2.49310227551,-1.8864128739,-0.214373815107,1.86493714287,95.744682312
3.632044,-1.30848561207,-0.213223329516,0.376592283426,0.860563222004,-0.500077736851,0.606305906412,0.190597112895,100.0,0.109296131137,-0.910801092807,-0.38617966335,2.49271878031,-1.88756335949,-0.213606824713,1.86532063807,95.744682312
3.642021,-1.30810211687,-0.212456339122,0.376975778623,0.85979623161,-0.500844727245,0.60400493523,0.191747598486,100.0,0.109296131137,-0.910801092807,-0.386946653744,2.49310227551,-1.88756335949,-0.21399031991,1.86532063807,95.744682312
3.652038,-1.30886910726,-0.210922358334,0.37735927382,0.859412736413,-0.500461232048,0.603621440033,0.191747598486,100.0,0.109296131137,-0.910034102413,-0.386946653744,2.49310227551,-1.88756335949,-0.21399031991,1.86532063807,95.744682312
3.662027,-1.30810211687,-0.21015536794,0.37735927382,0.859412736413,-0.500077736851,0.602087459245,0.191364103289,100.0,0.10891263594,-0.91041759761,-0.385796168153,2.49271878031,-1.88794685469,-0.213606824713,1.86532063807,95.744682312
3.672038,-1.30810211687,-0.207854396758,0.37735927382,0.85979623161,-0.500461232048,0.601320468851,0.191364103289,100.0,0.109296131137,-0.910801092807,-0.38617966335,2.49271878031,-1.88794685469,-0.21399031991,1.86532063807,95.744682312
3.682044,-1.30810211687,-0.207470901562,0.376975778623,0.85979623161,-0.500461232048,0.600553478457,0.190980608092,100.0,0.109296131137,-0.910801092807,-0.386946653744,2.49310227551,-1.88794685469,-0.213606824713,1.86532063807,95.744682312
3.692039,-1.30848561207,-0.205553425577,0.376592283426,0.85979623161,-0.500077736851,0.60016998326,0.191747598486,100.0,0.10891263594,-0.910801092807,-0.386563158547,2.49271878031,-1.88756335949,-0.213223329516,1.86608762846,95.744682312
3.702039,-1.30810211687,-0.204402939986,0.376208788229,0.860563222004,-0.500077736851,0.599019497669,0.191747598486,100.0,0.10891263594,-0.910034102413,-0.386946653744,2.49271878031,-1.88756335949,-0.213606824713,1.86493714287,95.744682312
3.712028,-1.30771862167,-0.202868959198,0.376592283426,0.85979623161,-0.500461232048,0.599402992866,0.191364103289,100.0,0.10891263594,-0.91041759761,-0.387330148941,2.49271878031,-1.8871798643,-0.213223329516,1.86493714287,95.744682312
3.722038,-1.30771862167,-0.202101968804,0.376975778623,0.860179726807,-0.500077736851,0.599019497669,0.191747598486,100.0,0.108529140743,-0.910801092807,-0.385796168153,2.49310227551,-1.88756335949,-0.213606824713,1.86532063807,95.744682312
3.732037,-1.30733512648,-0.200567988016,0.376208788229,0.85979623161,-0.500461232048,0.597869012078,0.191747598486,100.0,0.10891263594,-0.910801092807,-0.386563158547,2.49233528512,-1.88756335949,-0.214373815107,1.86493714287,95.744682312
3.742021,-1.30810211687,-0.199800997622,0.37735927382,0.859029241216,-0.500461232048,0.598252507275,0.191747598486,100.0,0.108529140743,-0.910801092807,-0.385796168153,2.49271878031,-1.88756335949,-0.214757310304,1.86493714287,95.744682312
3.752018,-1.30695163128,-0.198267016834,0.37735927382,0.859412736413,-0.500461232048,0.598252507275,0.191747598486,100.0,0.108529140743,-0.910801092807,-0.385796168153,2.49310227551,-1.88794685469,-0.21399031991,1.86532063807,95.744682312
3.762039,-1.30733512648,-0.196349540849,0.376592283426,0.858645746019,-0.500077736851,0.597869012078,0.191747598486,100.0,0.109679626334,-0.91041759761,-0.385796168153,2.49348577071,-1.8871798643,-0.213606824713,1.86570413327,95.744682312
3.772035,-1.30618464088,-0.195582550455,0.376592283426,0.859412736413,-0.500077736851,0.597869012078,0.191364103289,100.0,0.10891263594,-0.91041759761,-0.38617966335,2.49310227551,-1.8871798643,-0.213223329516,1.86608762846,95.744682312
3.782024,-1.30771862167,-0.194432064864,0.376592283426,0.859029241216,-0.500461232048,0.597102021684,0.190980608092,100.0,0.10891263594,-0.91041759761,-0.386563158547,2.49271878031,-1.8871798643,-0.213606824713,1.86570413327,95.744682312
3.792017,-1.30656813608,-0.192898084077,0.376592283426,0.85979623161,-0.500461232048,0.59633503129,0.191747598486,100.0,0.109296131137,-0.910801092807,-0.386563158547,2.49310227551,-1.8864128739,-0.213606824713,1.86570413327,95.744682312
3.802039,-1.30656813608,-0.192131093683,0.376592283426,0.85979623161,-0.500461232048,0.59633503129,0.191747598486,100.0,0.109296131137,-0.91041759761,-0.38617966335,2.49271878031,-1.88756335949,-0.213606824713,1.86570413327,95.744682312
3.812024,-1.30618464088,-0.190597112895,0.376592283426,0.859029241216,-0.501228222442,0.5951845457,0.192131093683,100.0,0.10891263594,-0.910801092807,-0.386563158547,2.49310227551,-1.88756335949,-0.213606824713,1.86532063807,95.744682312
3.822037,-1.30618464088,-0.189446627304,0.376975778623,0.858262250822,-0.501611717639,0.5951845457,0.190980608092,100.0,0.108529140743,-0.91041759761,-0.385796168153,2.49310227551,-1.88756335949,-0.213606824713,1.86532063807,95.744682312
3.832028,-1.30618464088,-0.18867963691,0.376975778623,0.857878755625,-0.503529193623,0.594034060109,0.191364103289,100.0,0.108529140743,-0.910801092807,-0.386946653744,2.49271878031,-1.88756335949,-0.21399031991,1.86532063807,95.744682312
3.842022,-1.30580114569,-0.18867963691,0.376975778623,0.857495260428,-0.505063174411,0.593267069715,0.191364103289,100.0,0.109296131137,-0.910034102413,-0.385412672956,2.49271878031,-1.88756335949,-0.213606824713,1.86493714287,95.744682312
3.852018,-1.30541765049,-0.18867963691,0.37735927382,0.856728270034,-0.505830164805,0.593650564912,0.191747598486,100.0,0.109296131137,-0.91041759761,-0.386946653744,2.49233528512,-1.8871798643,-0.21399031991,1.86532063807,95.744682312
3.862039,-1.30580114569,-0.187912646516,0.376592283426,0.856344774837,-0.505446669608,0.592500079321,0.191747598486,100.0,0.109296131137,-0.91041759761,-0.385796168153,2.49271878031,-1.88602937871,-0.213606824713,1.86532063807,95.744682312
3.872040,-1.30503415529,-0.18867963691,0.376592283426,0.85596127964,-0.505063174411,0.593267069715,0.19251458888,100.0,0.109296131137,-0.91041759761,-0.38617966335,2.49233528512,-1.8871798643,-0.213223329516,1.86608762846,95.744682312
3.882025,-1.30503415529,-0.18867963691,0.376975778623,0.854810794049,-0.505446669608,0.593267069715,0.191364103289,100.0,0.10891263594,-0.91041759761,-0.386563158547,2.49348577071,-1.8871798643,-0.213223329516,1.86532063807,95.744682312
3.892042,-1.3042671649,-0.18867963691,0.376975778623,0.854043803655,-0.505446669608,0.592883574518,0.191747598486,100.0,0.108529140743,-0.910801092807,-0.385796168153,2.49310227551,-1.88794685469,-0.213606824713,1.86608762846,95.744682312
3.902037,-1.3038836697,-0.18867963691,0.376975778623,0.853276813261,-0.505830164805,0.592500079321,0.191364103289,100.0,0.108529140743,-0.911184588004,-0.38617966335,2.49310227551,-1.88756335949,-0.214373815107,1.86532063807,95.744682312
3.912023,-1.3042671649,-0.189063132107,0.376975778623,0.85212632767,-0.505446669608,0.592116584124,0.191747598486,100.0,0.10891263594,-0.91041759761,-0.385796168153,2.49348577071,-1.8871798643,-0.21399031991,1.86570413327,95.744682312
3.922032,-1.3038836697,-0.189063132107,0.376592283426,0.850975842079,-0.505063174411,0.592116584124,0.191747598486,100.0,0.108529140743,-0.911568083201,-0.386563158547,2.4938692659,-1.88794685469,-0.214373815107,1.86608762846,95.744682312
3.932022,-1.30350017451,-0.18867963691,0.37735927382,0.850592346882,-0.505446669608,0.592500079321,0.192131093683,100.0,0.108529140743,-0.911184588004,-0.386563158547,2.49310227551,-1.88756335949,-0.213223329516,1.86532063807,95.744682312
3.942052,-1.30311667931,-0.188296141713,0.376592283426,0.849058366095,-0.505446669608,0.592116584124,0.192131093683,100.0,0.10891263594,-0.911568083201,-0.386946653744,2.49310227551,-1.8871798643,-0.21399031991,1.86570413327,95.744682312
3.952041,-1.30311667931,-0.187912646516,0.37735927382,0.848291375701,-0.505063174411,0.592500079321,0.192131093683,100.0,0.108529140743,-0.910801092807,-0.38617966335,2.49348577071,-1.8871798643,-0.21399031991,1.86532063807,95.744682312
3.962043,-1.30234968891,-0.187912646516,0.376208788229,0.84714089011,-0.505830164805,0.593267069715,0.191747598486,100.0,0.108529140743,-0.910801092807,-0.38617966335,2.49310227551,-1.8864128739,-0.21399031991,1.86532063807,95.744682312
3.972056,-1.30234968891,-0.187529151319,0.376592283426,0.846757394913,-0.505830164805,0.593650564912,0.192131093683,100.0,0.108529140743,-0.91041759761,-0.386563158547,2.49233528512,-1.8871798643,-0.213223329516,1.86570413327,95.744682312
3.982026,-1.30196619372,-0.186762160925,0.376975778623,0.845606909322,-0.505446669608,0.594417555306,0.191747598486,100.0,0.10891263594,-0.910034102413,-0.38617966335,2.49310227551,-1.88756335949,-0.213223329516,1.86493714287,95.744682312
3.992020,-1.30158269852,-0.186378665728,0.376592283426,0.845223414125,-0.505063174411,0.5951845457,0.192131093683,100.0,0.10891263594,-0.911184588004,-0.38617966335,2.49310227551,-1.88756335949,-0.214373815107,1.86532063807,95.744682312
4.002018,-1.30043221293,-0.186762160925,0.376975778623,0.845606909322,-0.504679679214,0.594801050503,0.191747598486,100.0,0.109296131137,-0.910801092807,-0.386563158547,2.49310227551,-1.8871798643,-0.213606824713,1.86532063807,95.744682312
4.012020,-1.30043221293,-0.186378665728,0.376975778623,0.845223414125,-0.504296184017,0.595568040897,0.19251458888,100.0,0.10891263594,-0.91041759761,-0.38617966335,2.49271878031,-1.88756335949,-0.214373815107,1.86493714287,95.744682312
4.022039,-1.30043221293,-0.185611675334,0.376592283426,0.845990404519,-0.504296184017,0.59633503129,0.192131093683,100.0,0.109296131137,-0.909650607216,-0.38617966335,2.49310227551,-1.88794685469,-0.214373815107,1.86532063807,95.744682312
4.032032,-1.30004871773,-0.185995170531,0.376592283426,0.845223414125,-0.502762203229,0.597102021684,0.192131093683,100.0,0.109296131137,-0.91041759761,-0.38617966335,2.49310227551,-1.88756335949,-0.21399031991,1.86532063807,95.744682312
4.042021,-1.30004871773,-0.185228180137,0.376975778623,0.845606909322,-0.501228222442,0.597869012078,0.192898084077,100.0,0.110063121531,-0.910801092807,-0.386563158547,2.49271878031,-1.88756335949,-0.21399031991,1.86493714287,95.744682312
4.052023,-1.29928172734,-0.185995170531,0.376592283426,0.845223414125,-0.500844727245,0.597869012078,0.191364103289,100.0,0.109296131137,-0.910801092807,-0.385796168153,2.49348577071,-1.8871798643,-0.21399031991,1.86570413327,95.744682312
4.062043,-1.29851473695,-0.185228180137,0.376592283426,0.845606909322,-0.499310746457,0.599019497669,0.192131093683,100.0,0.10891263594,-0.91041759761,-0.386563158547,2.49310227551,-1.88756335949,-0.213606824713,1.86532063807,95.744682312
4.072054,-1.29813124175,-0.185228180137,0.376975778623,0.845990404519,-0.498543756063,0.599019497669,0.191747598486,100.0,0.109296131137,-0.911568083201,-0.385029177759,2.49310227551,-1.88756335949,-0.21399031991,1.86532063807,95.744682312
4.082073,-1.29736425135,-0.185228180137,0.376975778623,0.845990404519,-0.498543756063,0.598636002472,0.192898084077,100.0,0.109296131137,-0.910801092807,-0.385796168153,2.49310227551,-1.88794685469,-0.213223329516,1.86493714287,95.744682312
4.092062,-1.29659726096,-0.185228180137,0.376592283426,0.845606909322,-0.500077736851,0.598636002472,0.191747598486,100.0,0.109296131137,-0.910034102413,-0.38617966335,2.49310227551,-1.88794685469,-0.213223329516,1.86532063807,95.744682312
4.102071,-1.29698075616,-0.184077694546,0.376592283426,0.845990404519,-0.500077736851,0.598252507275,0.19251458888,100.0,0.10891263594,-0.910801092807,-0.386563158547,2.49348577071,-1.8871798643,-0.21399031991,1.86570413327,95.744682312
4.112030,-1.29698075616,-0.183694199349,0.375825293032,0.845606909322,-0.501611717639,0.598252507275,0.191747598486,100.0,0.109296131137,-0.909267112019,-0.386563158547,2.49310227551,-1.88756335949,-0.213606824713,1.86493714287,95.744682312
4.122022,-1.29621376576,-0.184077694546,0.375825293032,0.845223414125,-0.502762203229,0.598252507275,0.19251458888,100.0,0.109296131137,-0.91041759761,-0.38617966335,2.49310227551,-1.8871798643,-0.213606824713,1.86532063807,95.744682312
4.132036,-1.29544677537,-0.184077694546,0.376208788229,0.844839918928,-0.50391268882,0.598636002472,0.193281579274,100.0,0.10891263594,-0.910801092807,-0.38617966335,2.49310227551,-1.88756335949,-0.213223329516,1.86532063807,95.744682312
4.142044,-1.29583027057,-0.183694199349,0.375441797835,0.845223414125,-0.504679679214,0.599019497669,0.19251458888,100.0,0.108529140743,-0.910034102413,-0.38617966335,2.49233528512,-1.8871798643,-0.213606824713,1.86570413327,95.744682312
4.152017,-1.29429628978,-0.184077694546,0.375825293032,0.844456423731,-0.504679679214,0.598636002472,0.19251458888,100.0,0.10891263594,-0.91041759761,-0.386563158547,2.49310227551,-1.88794685469,-0.21399031991,1.86532063807,95.744682312
4.162036,-1.29391279458,-0.184077694546,0.375825293032,0.844072928534,-0.505446669608,0.599019497669,0.19251458888,100.0,0.10891263594,-0.91041759761,-0.385796168153,2.49348577071,-1.8871798643,-0.213606824713,1.86570413327,95.744682312
4.172040,-1.29391279458,-0.184461189743,0.375441797835,0.844456423731,-0.505446669608,0.599019497669,0.192131093683,100.0,0.10891263594,-0.910801092807,-0.38617966335,2.49310227551,-1.8871798643,-0.213606824713,1.86532063807,95.744682312
4.182044,-1.29429628978,-0.184461189743,0.375825293032,0.844839918928,-0.504679679214,0.599402992866,0.19251458888,100.0,0.109296131137,-0.910034102413,-0.386563158547,2.4942527611,-1.88833034989,-0.213606824713,1.86570413327,95.744682312
4.192034,-1.29429628978,-0.184461189743,0.375441797835,0.844456423731,-0.505063174411,0.599786488063,0.19251458888,100.0,0.109296131137,-0.910801092807,-0.386563158547,2.49310227551,-1.88794685469,-0.213223329516,1.86493714287,95.744682312
4.202040,-1.29467978498,-0.184461189743,0.375825293032,0.844839918928,-0.505063174411,0.599019497669,0.191747598486,100.0,0.10891263594,-0.910034102413,-0.38617966335,2.49348577071,-1.8871798643,-0.213606824713,1.86493714287,95.744682312
4.212041,-1.29352929938,-0.183694199349,0.375441797835,0.844839918928,-0.505446669608,0.598636002472,0.19251458888,100.0,0.108529140743,-0.91041759761,-0.38617966335,2.49310227551,-1.8871798643,-0.21399031991,1.86455364767,95.744682312
4.222045,-1.29391279458,-0.184461189743,0.375441797835,0.844839918928,-0.504679679214,0.598636002472,0.19251458888,100.0,0.109296131137,-0.91041759761,-0.38617966335,2.49233528512,-1.8864128739,-0.213606824713,1.86570413327,95.744682312
4.232042,-1.29352929938,-0.183694199349,0.376208788229,0.844839918928,-0.505446669608,0.599402992866,0.192131093683,100.0,0.109679626334,-0.910034102413,-0.386563158547,2.49271878031,-1.88756335949,-0.213606824713,1.86532063807,95.744682312
4.242040,-1.29314580419,-0.183694199349,0.375058302638,0.844456423731,-0.505063174411,0.599019497669,0.192131093683,100.0,0.10891263594,-0.91041759761,-0.385796168153,2.49271878031,-1.88756335949,-0.213606824713,1.86570413327,95.744682312
4.252024,-1.29352929938,-0.184077694546,0.375441797835,0.845223414125,-0.505446669608,0.599402992866,0.192131093683,100.0,0.109296131137,-0.911184588004,-0.386563158547,2.49310227551,-1.88756335949,-0.213606824713,1.86570413327,95.744682312
4.262060,-1.29391279458,-0.183694199349,0.375441797835,0.845606909322,-0.505063174411,0.599019497669,0.192131093683,100.0,0.10891263594,-0.910034102413,-0.385796168153,2.49271878031,-1.88756335949,-0.213606824713,1.86493714287,95.744682312
4.272090,-1.29352929938,-0.184461189743,0.375441797835,0.845606909322,-0.505063174411,0.599402992866,0.191364103289,100.0,0.10891263594,-0.91041759761,-0.38617966335,2.49271878031,-1.8864128739,-0.21399031991,1.86532063807,95.744682312
4.282054,-1.29391279458,-0.184077694546,0.375825293032,0.845606909322,-0.505063174411,0.599019497669,0.19251458888,100.0,0.108529140743,-0.91041759761,-0.385796168153,2.49271878031,-1.88794685469,-0.213606824713,1.86570413327,95.744682312
4.292041,-1.29276230899,-0.18484468494,0.375441797835,0.845990404519,-0.504679679214,0.598252507275,0.19251458888,100.0,0.10891263594,-0.910801092807,-0.385796168153,2.49310227551,-1.88756335949,-0.213223329516,1.86532063807,95.744682312
4.302067,-1.29314580419,-0.184077694546,0.375058302638,0.845990404519,-0.504679679214,0.597485516881,0.192131093683,100.0,0.109296131137,-0.91041759761,-0.38617966335,2.49271878031,-1.8871798643,-0.212839834319,1.86570413327,95.744682312
