  -8.0150496e-02  -2.1782527e-01  -4.4216996e-01   1.6275536e+00   3.5281558e-01  -5.4226221e-01   3.7697578e-01
  -8.0323622e-02  -2.2120980e-01  -4.4057059e-01   1.6375536e+00   3.4844993e-01  -5.4890653e-01   3.7971758e-01
  -7.0323622e-02  -2.2251551e-01  -4.4555897e-01   1.6271257e+00   3.5204766e-01  -5.4758752e-01   3.7164279e-01
  -6.0323622e-02  -2.1764925e-01  -4.5931904e-01   1.6246322e+00   3.4907772e-01  -5.4499498e-01   3.5436150e-01
  -6.5666280e-02  -2.2108667e-01  -4.5136755e-01   1.6254640e+00   3.5189891e-01  -5.4575217e-01   3.6436150e-01
  -5.5666280e-02  -2.1789575e-01  -4.9235033e-01   1.6246823e+00   3.4749375e-01  -5.4649168e-01   3.3043840e-01
  -5.9638530e-02  -2.1624837e-01  -4.8235033e-01   1.6274701e+00   3.4843175e-01  -5.4223018e-01   3.3796043e-01
  -6.2295831e-02  -2.1477902e-01  -4.7235033e-01   1.6327850e+00   3.5210322e-01  -5.4549038e-01   3.4731591e-01
  -6.1963029e-02  -2.1216385e-01  -4.6771935e-01   1.6418515e+00   3.6090158e-01  -5.6877730e-01   3.5731591e-01
  -5.6107791e-02  -2.1397944e-01  -4.7706831e-01   1.6393363e+00   3.7090158e-01  -5.8276890e-01   3.5411361e-01
  -5.9444513e-02  -2.1227942e-01  -4.6726490e-01   1.6493363e+00   3.6204822e-01  -5.9341913e-01   3.6312507e-01
  -5.7324558e-02  -2.1347320e-01  -4.7349425e-01   1.6521710e+00   3.7204822e-01  -6.0730132e-01   3.6380022e-01
  -5.5314548e-02  -2.1360726e-01  -4.6654754e-01   1.6621710e+00   3.5366561e-01  -6.1862549e-01   3.6703495e-01
  -5.4978928e-02  -2.1284739e-01  -4.7046533e-01   1.6617396e+00   3.6366561e-01  -6.2181316e-01   3.6665024e-01
  -5.1020389e-02  -2.1186115e-01  -4.7349913e-01   1.6717396e+00   3.6699393e-01  -6.4052646e-01   3.6769412e-01
  -4.8507814e-02  -2.1348201e-01  -4.7172206e-01   1.6817396e+00   3.6563934e-01  -6.5076323e-01   3.7095486e-01
  -4.7326894e-02  -2.0384667e-01  -4.9294286e-01   1.6884483e+00   3.7563934e-01  -6.8666074e-01   3.6305860e-01
  -4.6246362e-02  -2.0737913e-01  -4.8436054e-01   1.6891345e+00   3.7118100e-01  -6.7666074e-01   3.6679073e-01
  -4.1863023e-02  -2.1243053e-01  -4.7473197e-01   1.6991345e+00   3.6573086e-01  -6.7716253e-01   3.7292209e-01
  -3.8066700e-02  -2.1044516e-01  -4.7738601e-01   1.7091345e+00   3.6858918e-01  -6.9613929e-01   3.7393360e-01
  -3.8622690e-02  -2.1374894e-01  -4.7273590e-01   1.7191345e+00   3.6583318e-01  -7.0382966e-01   3.8133807e-01
  -3.4962590e-02  -2.1284347e-01  -4.7309666e-01   1.7291345e+00   3.6799991e-01  -7.1439745e-01   3.8212614e-01
  -3.1726187e-02  -2.1404114e-01  -4.7056038e-01   1.7391345e+00   3.7183579e-01  -7.2625561e-01   3.8668084e-01
  -2.6862861e-02  -2.1411714e-01  -4.6951534e-01   1.7491345e+00   3.7699864e-01  -7.3021429e-01   3.8652336e-01
  -2.0729012e-02  -2.1452221e-01  -4.6918285e-01   1.7591345e+00   3.8184541e-01  -7.3004526e-01   3.8387304e-01
  -1.4589532e-02  -2.1674085e-01  -4.6725727e-01   1.7691345e+00   3.8831770e-01  -7.3185376e-01   3.8386610e-01
  -8.8369750e-03  -2.1723050e-01  -4.6668046e-01   1.7756314e+00   3.9831770e-01  -7.3243350e-01   3.8228960e-01
  -4.6507924e-03  -2.1775602e-01  -4.6528059e-01   1.7825478e+00   4.0831770e-01  -7.3324908e-01   3.8250652e-01
   8.2465572e-04  -2.1888225e-01  -4.6365292e-01   1.7878147e+00   4.1831770e-01  -7.3400836e-01   3.8210977e-01
   5.0191448e-03  -2.1903937e-01  -4.6289476e-01   1.7932274e+00   4.2831770e-01  -7.3537559e-01   3.8178620e-01
   9.7334792e-03  -2.1952357e-01  -4.6227323e-01   1.7987302e+00   4.3831770e-01  -7.3694014e-01   3.8118381e-01
   1.5701675e-02  -2.1957674e-01  -4.6138861e-01   1.8047587e+00   4.4831770e-01  -7.3926335e-01   3.8001344e-01
   2.2991406e-02  -2.2070188e-01  -4.6026052e-01   1.8129565e+00   4.5831770e-01  -7.4150634e-01   3.7859336e-01
   3.1387491e-02  -2.2180792e-01  -4.5855269e-01   1.8224266e+00   4.6831770e-01  -7.4287509e-01   3.7656524e-01
   3.8582604e-02  -2.2255214e-01  -4.5568743e-01   1.8324266e+00   4.7780706e-01  -7.4461262e-01   3.7623121e-01
   4.4228858e-02  -2.2448757e-01  -4.5226841e-01   1.8424266e+00   4.8757211e-01  -7.4744679e-01   3.7833478e-01
   4.9380770e-02  -2.2720664e-01  -4.4791284e-01   1.8524266e+00   4.9627221e-01  -7.5079217e-01   3.8187939e-01
   5.4224248e-02  -2.2920969e-01  -4.4397363e-01   1.8624266e+00   5.0175276e-01  -7.5468180e-01   3.8490984e-01
   5.9572749e-02  -2.3063147e-01  -4.4108493e-01   1.8724266e+00   5.0484792e-01  -7.5807502e-01   3.8607044e-01
   6.5429493e-02  -2.3194095e-01  -4.3852953e-01   1.8824266e+00   5.0673689e-01  -7.6065464e-01   3.8607178e-01
   7.0811916e-02  -2.3318268e-01  -4.3633291e-01   1.8924266e+00   5.0822819e-01  -7.6283258e-01   3.8590574e-01
   7.5134659e-02  -2.3458201e-01  -4.3325728e-01   1.9024266e+00   5.1026409e-01  -7.6532533e-01   3.8744368e-01
   7.8563135e-02  -2.3645731e-01  -4.2998703e-01   1.9124266e+00   5.1283204e-01  -7.6927061e-01   3.9065229e-01
   8.1609253e-02  -2.3838144e-01  -4.2641968e-01   1.9224266e+00   5.1543941e-01  -7.7434150e-01   3.9487497e-01
   8.4435899e-02  -2.4071632e-01  -4.2307976e-01   1.9324266e+00   5.1763755e-01  -7.8063019e-01   3.9972448e-01
   8.7589536e-02  -2.4258448e-01  -4.2015533e-01   1.9424266e+00   5.1932465e-01  -7.8706327e-01   4.0384569e-01
   9.1173542e-02  -2.4421690e-01  -4.1761554e-01   1.9524266e+00   5.2045195e-01  -7.9285815e-01   4.0691267e-01
   9.5062339e-02  -2.4564042e-01  -4.1569177e-01   1.9624266e+00   5.2114084e-01  -7.9799882e-01   4.0885605e-01
   9.9450066e-02  -2.4663640e-01  -4.1402715e-01   1.9724266e+00   5.2205149e-01  -8.0199011e-01   4.0956772e-01
   1.0368779e-01  -2.4769650e-01  -4.1261822e-01   1.9824266e+00   5.2318928e-01  -8.0524989e-01   4.0992695e-01
   1.0765612e-01  -2.4899274e-01  -4.1123390e-01   1.9924266e+00   5.2407438e-01  -8.0822317e-01   4.1040188e-01
   1.1090222e-01  -2.5086187e-01  -4.0899386e-01   2.0024266e+00   5.2529872e-01  -8.1103602e-01   4.1227126e-01
   1.1359399e-01  -2.5292025e-01  -4.0623748e-01   2.0124266e+00   5.2629450e-01  -8.1403909e-01   4.1508635e-01
   1.1598544e-01  -2.5494065e-01  -4.0289751e-01   2.0224266e+00   5.2741494e-01  -8.1764761e-01   4.1885059e-01
   1.1903336e-01  -2.5672077e-01  -3.9963041e-01   2.0324266e+00   5.2849048e-01  -8.2091359e-01   4.2177438e-01
   1.2341855e-01  -2.5845464e-01  -3.9638336e-01   2.0424266e+00   5.2941841e-01  -8.2385812e-01   4.2340350e-01
   1.2793704e-01  -2.6052756e-01  -3.9283597e-01   2.0524266e+00   5.3076024e-01  -8.2689972e-01   4.2536270e-01
   1.3164288e-01  -2.6295785e-01  -3.8906339e-01   2.0624266e+00   5.3219484e-01  -8.3030286e-01   4.2844956e-01
   1.3596719e-01  -2.6456452e-01  -3.8595171e-01   2.0724266e+00   5.3367863e-01  -8.3330162e-01   4.3005487e-01
   1.3993743e-01  -2.6565956e-01  -3.8406325e-01   2.0824266e+00   5.3419385e-01  -8.3802485e-01   4.3151625e-01
   1.4267993e-01  -2.6672513e-01  -3.8314828e-01   2.0924266e+00   5.3474109e-01  -8.4237967e-01   4.3309016e-01
   1.4428142e-01  -2.6709611e-01  -3.8272025e-01   2.1024266e+00   5.3526935e-01  -8.4855087e-01   4.3588047e-01
   1.4490948e-01  -2.6791005e-01  -3.8248467e-01   2.1124266e+00   5.3513853e-01  -8.5566984e-01   4.3986085e-01
   1.4437851e-01  -2.6878558e-01  -3.8228565e-01   2.1224266e+00   5.3510569e-01  -8.6301250e-01   4.4495618e-01
   1.4311082e-01  -2.6943328e-01  -3.8344461e-01   2.1324266e+00   5.3554934e-01  -8.6830204e-01   4.4869645e-01
   1.4167001e-01  -2.6979990e-01  -3.8593644e-01   2.1424266e+00   5.3644577e-01  -8.7266447e-01   4.5114808e-01
   1.3954950e-01  -2.6966923e-01  -3.8963127e-01   2.1524266e+00   5.3725782e-01  -8.7596449e-01   4.5260577e-01
   1.3611077e-01  -2.6886907e-01  -3.9486553e-01   2.1624266e+00   5.3803146e-01  -8.7885723e-01   4.5364005e-01
   1.2996923e-01  -2.6703416e-01  -4.0073966e-01   2.1724266e+00   5.3898254e-01  -8.8180295e-01   4.5622151e-01
   1.1944990e-01  -2.6226919e-01  -4.0827699e-01   2.1824266e+00   5.3695633e-01  -8.8487893e-01   4.5981050e-01
   1.0170661e-01  -2.5260840e-01  -4.1973121e-01   2.1924266e+00   5.2675666e-01  -8.8886583e-01   4.6387961e-01
   8.4788302e-02  -2.4260840e-01  -4.3036510e-01   2.1983747e+00   5.1062372e-01  -8.9350344e-01   4.6655485e-01
   6.9159264e-02  -2.3260840e-01  -4.3742087e-01   2.1991243e+00   4.8871031e-01  -9.0657570e-01   4.7302930e-01
   5.8399660e-02  -2.2260840e-01  -4.4434777e-01   2.2027894e+00   4.5709363e-01  -9.2949054e-01   4.7852399e-01
   5.8974743e-02  -2.2549619e-01  -4.4145689e-01   2.2002079e+00   4.6709363e-01  -9.2221875e-01   4.7935867e-01
   4.6906498e-02  -2.1938323e-01  -4.4297448e-01   2.1992632e+00   4.5265573e-01  -9.3585370e-01   4.8935867e-01
   3.5383514e-02  -2.1415993e-01  -4.4385681e-01   2.1997901e+00   4.3611520e-01  -9.4913775e-01   4.9935867e-01
   2.3286651e-02  -2.1270253e-01  -4.4468834e-01   2.1908838e+00   4.2312881e-01  -9.5790109e-01   5.0935867e-01
   2.2308719e-02  -2.0858570e-01  -4.4603044e-01   2.2008838e+00   4.1635082e-01  -9.6040426e-01   5.0844483e-01
   4.5868350e-03  -2.0212085e-01  -4.5137031e-01   2.1919574e+00   3.8830088e-01  -9.7522410e-01   5.1844483e-01
   5.2240034e-03  -2.0054897e-01  -4.4866267e-01   2.2019574e+00   3.8667490e-01  -9.7235134e-01   5.1842979e-01
  -2.0147210e-02  -1.9715120e-01  -4.6544668e-01   2.1788938e+00   3.4222571e-01  -9.9518076e-01   5.2842979e-01
  -1.4651134e-02  -1.9709823e-01  -4.6030575e-01   2.1883112e+00   3.5222571e-01  -9.8722584e-01   5.2615405e-01
  -2.0875864e-02  -1.9443970e-01  -4.5956042e-01   2.1983112e+00   3.4457333e-01  -9.7953031e-01   5.2776374e-01
  -4.6400012e-02  -1.9005035e-01  -4.7017824e-01   2.1924933e+00   3.1334227e-01  -9.8629017e-01   5.3776374e-01
  -3.8347902e-02  -1.9171640e-01  -4.6634526e-01   2.1956997e+00   3.2334227e-01  -9.8179387e-01   5.3447276e-01
  -6.6629929e-02  -1.8747543e-01  -4.7895502e-01   2.1924308e+00   2.9452153e-01  -9.8461365e-01   5.4447276e-01
  -5.6954707e-02  -1.8758832e-01  -4.7410899e-01   2.1952691e+00   3.0452153e-01  -9.8740334e-01   5.4208247e-01
  -7.6393551e-02  -1.8386350e-01  -4.8211887e-01   2.1918846e+00   2.8784735e-01  -9.9894789e-01   5.5208247e-01
  -7.2389504e-02  -1.8487341e-01  -4.8524925e-01   2.2018846e+00   2.8345500e-01  -1.0118017e+00   5.5144356e-01
  -9.4601587e-02  -1.7487341e-01  -4.9246381e-01   2.1864360e+00   2.6548140e-01  -1.0141221e+00   5.5788223e-01
  -9.1730163e-02  -1.7963698e-01  -4.9246492e-01   2.1964360e+00   2.6047975e-01  -1.0256588e+00   5.6117169e-01
  -1.1877449e-01  -1.7076815e-01  -5.0650292e-01   2.1873744e+00   2.2422727e-01  -1.0438436e+00   5.7117169e-01
  -1.0928706e-01  -1.7378210e-01  -5.0054507e-01   2.1913130e+00   2.3422727e-01  -1.0389709e+00   5.6848135e-01
  -1.2619605e-01  -1.7500712e-01  -5.1130341e-01   2.1962706e+00   1.8866863e-01  -1.0600659e+00   5.7848135e-01
  -1.2326388e-01  -1.7381237e-01  -5.0810092e-01   2.1940779e+00   1.9866863e-01  -1.0550000e+00   5.7680453e-01
  -1.2628925e-01  -1.6381237e-01  -5.0146000e-01   2.1830465e+00   2.0620042e-01  -1.0493255e+00   5.7673206e-01
  -1.3351616e-01  -1.7236139e-01  -5.1394167e-01   2.1930465e+00   1.7655766e-01  -1.0611617e+00   5.8085660e-01
  -1.4223015e-01  -1.6236139e-01  -5.0659044e-01   2.1793799e+00   1.6972919e-01  -1.0607730e+00   5.8578708e-01
  -1.4286074e-01  -1.6939644e-01  -5.1660142e-01   2.1893799e+00   1.6041248e-01  -1.0669514e+00   5.8521421e-01
  -1.5913585e-01  -1.6009111e-01  -5.1210777e-01   2.1771311e+00   1.2922897e-01  -1.0738786e+00   5.9521421e-01
  -1.5403892e-01  -1.6588753e-01  -5.1866833e-01   2.1846699e+00   1.3922897e-01  -1.0728311e+00   5.9078019e-01
  -1.7239211e-01  -1.5776201e-01  -5.1892726e-01   2.1738589e+00   9.5110980e-02  -1.0846185e+00   6.0078019e-01
  -1.6940232e-01  -1.6118734e-01  -5.2058907e-01   2.1770159e+00   1.0511098e-01  -1.0829277e+00   5.9925296e-01
  -1.8876947e-01  -1.5800004e-01  -5.2760409e-01   2.1711457e+00   8.0992970e-02  -1.0956041e+00   6.0925296e-01
  -1.7876947e-01  -1.5445740e-01  -5.2103162e-01   2.1692641e+00   7.8402886e-02  -1.0922418e+00   6.0335415e-01
  -1.9660252e-01  -1.5603743e-01  -5.2982443e-01   2.1641960e+00   6.4726011e-02  -1.1037762e+00   6.1335415e-01
  -2.1233048e-01  -1.4603743e-01  -5.2653071e-01   2.1386704e+00   2.2602749e-02  -1.1142683e+00   6.2232671e-01
  -2.1025597e-01  -1.4815988e-01  -5.2926479e-01   2.1448744e+00   3.2602749e-02  -1.1121854e+00   6.2000371e-01
  -2.3474671e-01  -1.5130813e-01  -5.6338260e-01   2.1381029e+00   2.7736514e-02  -1.1021854e+00   6.1899958e-01
  -2.3037772e-01  -1.4958208e-01  -5.5338260e-01   2.1369220e+00   2.5537557e-02  -1.1046622e+00   6.2093001e-01
  -2.3129550e-01  -1.4652517e-01  -5.4338260e-01   2.1262512e+00   1.3962573e-02  -1.1075321e+00   6.2585916e-01
  -2.4657816e-01  -1.3652517e-01  -5.3931174e-01   2.0882445e+00  -1.6761269e-02  -1.1113185e+00   6.3367101e-01
  -2.4456125e-01  -1.3970929e-01  -5.4321555e-01   2.0970402e+00  -6.7612688e-03  -1.1086764e+00   6.3115457e-01
  -2.4994744e-01  -1.3432579e-01  -5.5897312e-01   2.0592242e+00   1.1211305e-03  -1.0986764e+00   6.1908460e-01
  -2.4841212e-01  -1.3547633e-01  -5.5348847e-01   2.0692242e+00  -3.0716436e-03  -1.1006099e+00   6.2320956e-01
  -2.4880632e-01  -1.3296923e-01  -5.5154245e-01   2.0596428e+00  -5.2961580e-03  -1.0906099e+00   6.2264627e-01
  -2.4908255e-01  -1.3248720e-01  -5.5515094e-01   2.0497680e+00  -4.3933512e-03  -1.0806099e+00   6.1932015e-01
  -2.5013940e-01  -1.3169207e-01  -5.5638131e-01   2.0415020e+00  -4.0299521e-03  -1.0706099e+00   6.1805231e-01
  -2.5065994e-01  -1.3157795e-01  -5.5667110e-01   2.0312762e+00  -3.9927582e-03  -1.0606099e+00   6.1719491e-01
  -2.5207874e-01  -1.3181905e-01  -5.5625103e-01   2.0167218e+00  -3.9686291e-03  -1.0506099e+00   6.1728894e-01
  -2.5386724e-01  -1.3202023e-01  -5.5619124e-01   1.9935249e+00  -6.7689636e-04  -1.0406099e+00   6.1650813e-01
  -2.5263392e-01  -1.2905830e-01  -5.5264993e-01   2.0035249e+00  -2.2966347e-03  -1.0418570e+00   6.1729297e-01
  -2.5705061e-01  -1.3392292e-01  -5.5880573e-01   1.9751618e+00   6.7971667e-03  -1.0318570e+00   6.1606477e-01
  -2.5833129e-01  -1.2898935e-01  -5.5788145e-01   1.9716428e+00   5.8254614e-03  -1.0218570e+00   6.1458491e-01
  -2.6489652e-01  -1.8389082e-01  -5.8559255e-01   1.8423557e+00   1.5825461e-02  -1.0131160e+00   6.1842734e-01
  -2.6426285e-01  -1.7957559e-01  -5.8382006e-01   1.8523557e+00   1.4846367e-02  -1.0133142e+00   6.1797272e-01
  -2.6392869e-01  -1.7456737e-01  -5.8199990e-01   1.8623557e+00   1.3798283e-02  -1.0125604e+00   6.1735681e-01
  -2.6378676e-01  -1.6868614e-01  -5.8013347e-01   1.8723557e+00   1.2631123e-02  -1.0106847e+00   6.1640719e-01
  -2.6405069e-01  -1.6134072e-01  -5.7837783e-01   1.8823557e+00   1.1051032e-02  -1.0057746e+00   6.1482548e-01
  -2.6540545e-01  -1.5206055e-01  -5.7675941e-01   1.8906288e+00   9.2982727e-03  -9.9577460e-01   6.1260970e-01
  -2.6726508e-01  -1.4558760e-01  -5.7574868e-01   1.8921023e+00   7.9277791e-03  -9.8577460e-01   6.1120921e-01
  -2.6959584e-01  -1.4108710e-01  -5.7551557e-01   1.8882332e+00   7.2131820e-03  -9.7577460e-01   6.1015327e-01
  -2.7209411e-01  -1.3772454e-01  -5.7507891e-01   1.8808841e+00   6.4327757e-03  -9.6577460e-01   6.0967730e-01
  -2.7567866e-01  -1.3455224e-01  -5.7559331e-01   1.8697607e+00   4.8850092e-03  -9.5577460e-01   6.0917039e-01
  -2.8069191e-01  -1.3229591e-01  -5.7653709e-01   1.8527736e+00   4.1875295e-03  -9.4577460e-01   6.0932165e-01
  -2.8590919e-01  -1.2409935e-01  -5.7954983e-01   1.8260050e+00   3.8242747e-03  -9.3577460e-01   6.0437757e-01
  -2.8659434e-01  -1.3214330e-01  -5.8309634e-01   1.8200426e+00   2.9071088e-04  -9.2577460e-01   6.0603326e-01
  -2.9148591e-01  -1.2214330e-01  -5.8086945e-01   1.8133923e+00   1.5725144e-03  -9.3001224e-01   6.0531158e-01
  -3.0064103e-01  -1.1214330e-01  -5.7906971e-01   1.7751981e+00  -7.9138207e-03  -9.2326019e-01   6.0529315e-01
  -2.9915037e-01  -1.1442179e-01  -5.8103663e-01   1.7851981e+00  -6.0828183e-03  -9.2637928e-01   6.0468675e-01
  -3.0825667e-01  -1.0442179e-01  -5.8744184e-01   1.7648574e+00  -2.1064782e-02  -9.1950148e-01   6.0090606e-01
  -3.0230837e-01  -1.1508714e-01  -5.7920458e-01   1.7724993e+00  -1.1064782e-02  -9.2380305e-01   6.0787596e-01
  -3.1314826e-01  -1.0508714e-01  -5.8676196e-01   1.7544515e+00  -2.7509650e-02  -9.2036578e-01   6.0490346e-01
  -3.1822321e-01  -1.0757269e-01  -5.8482929e-01   1.7453433e+00  -5.1111007e-02  -9.1036578e-01   6.1284752e-01
  -3.1765827e-01  -1.0266522e-01  -5.9160579e-01   1.7496996e+00  -4.1111007e-02  -9.2043283e-01   6.0417643e-01
  -3.2296088e-01  -1.0610826e-01  -5.8818103e-01   1.7406523e+00  -6.5740335e-02  -9.1157293e-01   6.1417643e-01
  -3.2659494e-01  -9.6108264e-02  -5.9639032e-01   1.7369459e+00  -7.2614477e-02  -9.2032469e-01   6.0566782e-01
  -3.2639247e-01  -1.0410611e-01  -5.9014242e-01   1.7393979e+00  -7.9897522e-02  -9.1274311e-01   6.1566782e-01
  -3.2442585e-01  -1.0162317e-01  -5.9489292e-01   1.7360451e+00  -1.0299740e-01  -9.0274311e-01   6.1231745e-01
  -3.3145156e-01  -1.0416599e-01  -5.9057952e-01   1.7323492e+00  -9.4287479e-02  -8.9274311e-01   6.2090514e-01
  -3.2145156e-01  -9.9332280e-02  -5.9491687e-01   1.7259786e+00  -1.1480789e-01  -8.8303343e-01   6.1050435e-01
  -3.3115000e-01  -1.0314423e-01  -5.9326586e-01   1.7253825e+00  -1.1411027e-01  -8.7524943e-01   6.2050435e-01
  -3.2115000e-01  -1.0252676e-01  -6.0379260e-01   1.7342585e+00  -1.3334681e-01  -8.8667933e-01   6.0739713e-01
  -3.2637878e-01  -1.0288221e-01  -5.9828874e-01   1.7296705e+00  -1.2334681e-01  -8.8074961e-01   6.1426537e-01
  -3.3151139e-01  -1.0312765e-01  -5.9288869e-01   1.7250254e+00  -1.1334681e-01  -8.7480967e-01   6.2093913e-01
  -3.2151139e-01  -1.0265989e-01  -6.0340258e-01   1.7340431e+00  -1.3285609e-01  -8.8634592e-01   6.0794153e-01
  -3.2666465e-01  -1.0293033e-01  -5.9798501e-01   1.7294472e+00  -1.2285609e-01  -8.8044644e-01   6.1465191e-01
  -3.3171689e-01  -1.0308726e-01  -5.9267673e-01   1.7247885e+00  -1.1285609e-01  -8.7453365e-01   6.2115873e-01
  -3.2171689e-01  -1.0279398e-01  -6.0317603e-01   1.7339880e+00  -1.3268791e-01  -8.8620921e-01   6.0828953e-01
  -3.2678507e-01  -1.0297005e-01  -5.9785529e-01   1.7293758e+00  -1.2268791e-01  -8.8033671e-01   6.1482294e-01
  -3.3175131e-01  -1.0303389e-01  -5.9264549e-01   1.7246983e+00  -1.1268791e-01  -8.7444937e-01   6.2115156e-01
  -3.2175131e-01  -1.0292495e-01  -6.0312813e-01   1.7340986e+00  -1.3286702e-01  -8.8627867e-01   6.0841992e-01
  -3.2673250e-01  -1.0300627e-01  -5.9790678e-01   1.7294670e+00  -1.2286702e-01  -8.8043152e-01   6.1477287e-01
  -3.3161585e-01  -1.0298221e-01  -5.9279283e-01   1.7247720e+00  -1.1286702e-01  -8.7457022e-01   6.2092983e-01
  -3.2161585e-01  -1.0304914e-01  -6.0325706e-01   1.7343638e+00  -1.3338445e-01  -8.8654342e-01   6.0833224e-01
  -3.2651665e-01  -1.0304464e-01  -5.9812856e-01   1.7297159e+00  -1.2338445e-01  -8.8072217e-01   6.1451844e-01
  -3.3132714e-01  -1.0294489e-01  -5.9310010e-01   1.7250103e+00  -1.1338445e-01  -8.7488914e-01   6.2052431e-01
  -3.2132714e-01  -1.0316303e-01  -6.0354530e-01   1.7347567e+00  -1.3419882e-01  -8.8697371e-01   6.0804512e-01
  -3.2616094e-01  -1.0308841e-01  -5.9849550e-01   1.7301013e+00  -1.2419882e-01  -8.8118090e-01   6.1409200e-01
  -3.3091273e-01  -1.0292886e-01  -5.9353726e-01   1.7253949e+00  -1.1419882e-01  -8.7537921e-01   6.1997562e-01
  -3.2091273e-01  -1.0326143e-01  -6.0396442e-01   1.7352373e+00  -1.3524231e-01  -8.8752469e-01   6.0758933e-01
  -3.2569746e-01  -1.0313640e-01  -5.9897386e-01   1.7305874e+00  -1.2524231e-01  -8.8176445e-01   6.1353335e-01
  -3.3040743e-01  -1.0293507e-01  -5.9406712e-01   1.7258928e+00  -1.1524231e-01  -8.7599793e-01   6.1932912e-01
  -3.2040743e-01  -1.0333247e-01  -6.0447890e-01   1.7357474e+00  -1.3641850e-01  -8.8813345e-01   6.0699974e-01
  -3.2516584e-01  -1.0318094e-01  -5.9952261e-01   1.7311210e+00  -1.2641850e-01  -8.8241233e-01   6.1288682e-01
  -3.2985508e-01  -1.0295953e-01  -5.9464380e-01   1.7264549e+00  -1.1641850e-01  -8.7668686e-01   6.1863745e-01
  -3.1985508e-01  -1.0334546e-01  -6.0504453e-01   1.7361869e+00  -1.3757449e-01  -8.8869796e-01   6.0630881e-01
  -3.2462125e-01  -1.0320222e-01  -6.0008539e-01   1.7316140e+00  -1.2757449e-01  -8.8302870e-01   6.1220707e-01
  -3.2932204e-01  -1.0299325e-01  -5.9519871e-01   1.7270050e+00  -1.1757449e-01  -8.7735617e-01   6.1797745e-01
  -3.1932204e-01  -1.0320623e-01  -6.0559421e-01   1.7363204e+00  -1.3838391e-01  -8.8899070e-01   6.0553274e-01
  -3.2416949e-01  -1.0314591e-01  -6.0055413e-01   1.7318706e+00  -1.2838391e-01  -8.8340704e-01   6.1158744e-01
  -3.2895313e-01  -1.0302096e-01  -5.9558254e-01   1.7273870e+00  -1.1838391e-01  -8.7782000e-01   6.1751930e-01
  -3.2895313e-01  -1.0302096e-01  -5.9558254e-01   1.7273870e+00  -1.1838391e-01  -8.7782000e-01   6.1751930e-01
  -3.3187116e-01  -1.0332876e-01  -5.9596108e-01   1.7159331e+00  -1.2227831e-01  -8.6782000e-01   6.1945177e-01
  -3.3479668e-01  -1.0352898e-01  -5.9628344e-01   1.7043455e+00  -1.2618495e-01  -8.5782000e-01   6.2136211e-01
  -3.3767017e-01  -1.0351289e-01  -5.9634552e-01   1.6924533e+00  -1.2967059e-01  -8.4782000e-01   6.2326128e-01
  -3.4084420e-01  -1.0338646e-01  -5.9620114e-01   1.6794521e+00  -1.3223947e-01  -8.3782000e-01   6.2530078e-01
  -3.4464251e-01  -1.0323052e-01  -5.9606489e-01   1.6650397e+00  -1.3445011e-01  -8.2782000e-01   6.2758514e-01
  -3.4887857e-01  -1.0289904e-01  -5.9570833e-01   1.6479480e+00  -1.3470847e-01  -8.1782000e-01   6.2989490e-01
  -3.5413745e-01  -1.0189000e-01  -5.9522717e-01   1.6274940e+00  -1.3053141e-01  -8.0782000e-01   6.3207644e-01
  -3.5745289e-01  -1.0111001e-01  -5.9448540e-01   1.6088081e+00  -1.2053141e-01  -7.9817599e-01   6.3303897e-01
  -3.5743324e-01  -1.0110852e-01  -5.9417354e-01   1.6021338e+00  -1.1053141e-01  -7.9415824e-01   6.3241525e-01
  -3.5572037e-01  -1.0119737e-01  -5.9382962e-01   1.6006096e+00  -1.0053141e-01  -7.9230846e-01   6.3104353e-01
  -3.5332822e-01  -1.0136909e-01  -5.9339714e-01   1.6016328e+00  -9.0531413e-02  -7.9224259e-01   6.2946199e-01
  -3.5036536e-01  -1.0179391e-01  -5.9335993e-01   1.6047534e+00  -8.0531413e-02  -7.9373835e-01   6.2745256e-01
  -3.4585246e-01  -1.0319049e-01  -5.9307441e-01   1.6115781e+00  -7.0531413e-02  -7.9510569e-01   6.2543676e-01
  -3.4079768e-01  -1.0540534e-01  -5.9287197e-01   1.6215781e+00  -6.0896293e-02  -7.9740874e-01   6.2369208e-01
  -3.3663741e-01  -1.0831188e-01  -5.9278670e-01   1.6315781e+00  -5.3812846e-02  -8.0011088e-01   6.2292096e-01
  -3.3270704e-01  -1.1134191e-01  -5.9225448e-01   1.6415781e+00  -4.8630384e-02  -8.0181485e-01   6.2282246e-01
  -3.2916639e-01  -1.1450937e-01  -5.9230940e-01   1.6515781e+00  -4.4502875e-02  -8.0324007e-01   6.2267560e-01
  -3.2526233e-01  -1.1748586e-01  -5.9222750e-01   1.6615781e+00  -4.1511447e-02  -8.0560166e-01   6.2235864e-01
  -3.2200251e-01  -1.2026903e-01  -5.9179934e-01   1.6715781e+00  -3.9478742e-02  -8.0865523e-01   6.2263449e-01
  -3.1921715e-01  -1.2343984e-01  -5.9114701e-01   1.6815781e+00  -3.8145279e-02  -8.1162883e-01   6.2357836e-01
  -3.1643676e-01  -1.2592760e-01  -5.9064429e-01   1.6915781e+00  -3.7486374e-02  -8.1463254e-01   6.2410295e-01
  -3.1353644e-01  -1.2829675e-01  -5.9009073e-01   1.7015781e+00  -3.6632866e-02  -8.1818933e-01   6.2452276e-01
  -3.1080228e-01  -1.3048673e-01  -5.8991768e-01   1.7115781e+00  -3.5869441e-02  -8.2250469e-01   6.2468517e-01
  -3.0813980e-01  -1.3252488e-01  -5.8966663e-01   1.7215781e+00  -3.5477640e-02  -8.2746939e-01   6.2487504e-01
  -3.0559110e-01  -1.3420004e-01  -5.8949519e-01   1.7315781e+00  -3.5164252e-02  -8.3260788e-01   6.2490332e-01
  -3.0305858e-01  -1.3573445e-01  -5.8910270e-01   1.7415781e+00  -3.5068118e-02  -8.3857795e-01   6.2502393e-01
  -3.0071481e-01  -1.3692064e-01  -5.8834168e-01   1.7515781e+00  -3.4922832e-02  -8.4512319e-01   6.2534595e-01
  -2.9852864e-01  -1.3799501e-01  -5.8742015e-01   1.7615781e+00  -3.4848712e-02  -8.5154347e-01   6.2582280e-01
  -2.9624181e-01  -1.3901021e-01  -5.8636069e-01   1.7715781e+00  -3.4859474e-02  -8.5810046e-01   6.2629574e-01
  -2.9419431e-01  -1.4010270e-01  -5.8508172e-01   1.7815781e+00  -3.4990208e-02  -8.6426667e-01   6.2711079e-01
  -2.9228856e-01  -1.4097401e-01  -5.8390982e-01   1.7915781e+00  -3.5218741e-02  -8.7005913e-01   6.2783078e-01
  -2.9037917e-01  -1.4196720e-01  -5.8274754e-01   1.8015781e+00  -3.5833724e-02  -8.7599374e-01   6.2859715e-01
  -2.8849842e-01  -1.4290834e-01  -5.8163956e-01   1.8115781e+00  -3.7182172e-02  -8.8170105e-01   6.2932065e-01
  -2.8677539e-01  -1.4389535e-01  -5.8082823e-01   1.8215781e+00  -3.8556812e-02  -8.8721521e-01   6.2995634e-01
  -2.8513773e-01  -1.4489246e-01  -5.8018210e-01   1.8315781e+00  -3.9980742e-02  -8.9238336e-01   6.3053317e-01
  -2.8353365e-01  -1.4587237e-01  -5.7978361e-01   1.8415781e+00  -4.1197390e-02  -8.9759950e-01   6.3094131e-01
  -2.8204098e-01  -1.4687318e-01  -5.7949219e-01   1.8515781e+00  -4.2244654e-02  -9.0324582e-01   6.3134582e-01
  -2.8054705e-01  -1.4798105e-01  -5.7916251e-01   1.8615781e+00  -4.3233256e-02  -9.0959158e-01   6.3181197e-01
  -2.7917065e-01  -1.4927448e-01  -5.7853650e-01   1.8715781e+00  -4.4130356e-02  -9.1636270e-01   6.3263552e-01
  -2.7782057e-01  -1.5078381e-01  -5.7786702e-01   1.8815781e+00  -4.5001955e-02  -9.2300753e-01   6.3360877e-01
  -2.7641640e-01  -1.5244124e-01  -5.7700417e-01   1.8915781e+00  -4.5752004e-02  -9.2905278e-01   6.3474988e-01
  -2.7492806e-01  -1.5421437e-01  -5.7611500e-01   1.9015781e+00  -4.6236009e-02  -9.3440195e-01   6.3590919e-01
  -2.7292508e-01  -1.5601005e-01  -5.7518305e-01   1.9115781e+00  -4.6195225e-02  -9.3922641e-01   6.3675131e-01
  -2.7053807e-01  -1.5789642e-01  -5.7438240e-01   1.9215781e+00  -4.5349988e-02  -9.4341904e-01   6.3728315e-01
  -2.6756905e-01  -1.5969586e-01  -5.7356372e-01   1.9315781e+00  -4.3562324e-02  -9.4714194e-01   6.3737927e-01
  -2.6403337e-01  -1.6151358e-01  -5.7287501e-01   1.9415781e+00  -4.1006074e-02  -9.5070317e-01   6.3700800e-01
  -2.6004572e-01  -1.6332243e-01  -5.7211207e-01   1.9515781e+00  -3.7467384e-02  -9.5391299e-01   6.3637545e-01
  -2.5551389e-01  -1.6528353e-01  -5.7124711e-01   1.9615781e+00  -3.2989277e-02  -9.5652802e-01   6.3552546e-01
  -2.5048389e-01  -1.6722581e-01  -5.7045045e-01   1.9715781e+00  -2.7650141e-02  -9.5850505e-01   6.3429996e-01
  -2.4494813e-01  -1.6911386e-01  -5.6962971e-01   1.9815781e+00  -2.1339498e-02  -9.5968070e-01   6.3274417e-01
  -2.3872473e-01  -1.7113455e-01  -5.6880278e-01   1.9915781e+00  -1.3649266e-02  -9.6014856e-01   6.3082795e-01
  -2.3152853e-01  -1.7324878e-01  -5.6788798e-01   2.0015781e+00  -4.5857353e-03  -9.5986634e-01   6.2840017e-01
  -2.2408314e-01  -1.7510857e-01  -5.6698277e-01   2.0107634e+00   5.4142647e-03  -9.5893047e-01   6.2567148e-01
  -2.1711466e-01  -1.7676797e-01  -5.6616491e-01   2.0187278e+00   1.5414265e-02  -9.5767271e-01   6.2307615e-01
  -2.1032826e-01  -1.7825618e-01  -5.6530108e-01   2.0257633e+00   2.5414265e-02  -9.5616698e-01   6.2052413e-01
  -2.0386281e-01  -1.7957824e-01  -5.6458667e-01   2.0318594e+00   3.5414265e-02  -9.5442793e-01   6.1798506e-01
  -1.9747600e-01  -1.8078379e-01  -5.6377661e-01   2.0373489e+00   4.5414265e-02  -9.5242821e-01   6.1548487e-01
  -1.9130768e-01  -1.8180179e-01  -5.6302909e-01   2.0422034e+00   5.5414265e-02  -9.5027006e-01   6.1298642e-01
  -1.8526234e-01  -1.8273457e-01  -5.6216383e-01   2.0465204e+00   6.5414265e-02  -9.4805776e-01   6.1059416e-01
  -1.7936187e-01  -1.8361328e-01  -5.6126687e-01   2.0503486e+00   7.5414265e-02  -9.4556780e-01   6.0826717e-01
  -1.7349319e-01  -1.8447666e-01  -5.6049092e-01   2.0538336e+00   8.5414265e-02  -9.4292720e-01   6.0586994e-01
  -1.6767693e-01  -1.8520779e-01  -5.5955279e-01   2.0569147e+00   9.5414265e-02  -9.4004210e-01   6.0351669e-01
  -1.6187102e-01  -1.8596933e-01  -5.5865245e-01   2.0597635e+00   1.0541426e-01  -9.3691481e-01   6.0114377e-01
  -1.5593179e-01  -1.8669266e-01  -5.5754846e-01   2.0623462e+00   1.1541426e-01  -9.3332742e-01   5.9873599e-01
  -1.4974004e-01  -1.8740573e-01  -5.5636067e-01   2.0647551e+00   1.2541426e-01  -9.2929845e-01   5.9615692e-01
  -1.4340388e-01  -1.8830885e-01  -5.5488409e-01   2.0670034e+00   1.3541426e-01  -9.2478596e-01   5.9369248e-01
  -1.3674230e-01  -1.8918540e-01  -5.5317156e-01   2.0690771e+00   1.4541426e-01  -9.1986219e-01   5.9108805e-01
  -1.2964198e-01  -1.9011385e-01  -5.5134957e-01   2.0710983e+00   1.5541426e-01  -9.1467288e-01   5.8825347e-01
  -1.2221697e-01  -1.9111447e-01  -5.4942339e-01   2.0729966e+00   1.6541426e-01  -9.0961663e-01   5.8532683e-01
  -1.1453537e-01  -1.9210091e-01  -5.4739429e-01   2.0747757e+00   1.7541426e-01  -9.0486784e-01   5.8234050e-01
  -1.0675544e-01  -1.9303267e-01  -5.4538286e-01   2.0764550e+00   1.8541426e-01  -9.0062689e-01   5.7934632e-01
  -9.8899965e-02  -1.9395850e-01  -5.4339003e-01   2.0779612e+00   1.9541426e-01  -8.9680956e-01   5.7636152e-01
  -9.1173315e-02  -1.9485706e-01  -5.4142827e-01   2.0792870e+00   2.0541426e-01  -8.9344528e-01   5.7351326e-01
  -8.3620216e-02  -1.9577126e-01  -5.3956281e-01   2.0805321e+00   2.1541426e-01  -8.9031538e-01   5.7077784e-01
  -7.6289497e-02  -1.9667202e-01  -5.3777014e-01   2.0815636e+00   2.2541426e-01  -8.8717753e-01   5.6813168e-01
  -6.9052576e-02  -1.9768714e-01  -5.3616836e-01   2.0825669e+00   2.3541426e-01  -8.8387749e-01   5.6545348e-01
  -6.1928153e-02  -1.9883248e-01  -5.3462501e-01   2.0835386e+00   2.4541426e-01  -8.8036335e-01   5.6282993e-01
  -5.4742620e-02  -2.0005129e-01  -5.3322676e-01   2.0844474e+00   2.5541426e-01  -8.7659495e-01   5.6005115e-01
  -4.7406091e-02  -2.0133101e-01  -5.3201912e-01   2.0854544e+00   2.6541426e-01  -8.7242505e-01   5.5699833e-01
  -3.9945158e-02  -2.0273693e-01  -5.3093785e-01   2.0863987e+00   2.7541426e-01  -8.6781604e-01   5.5373646e-01
  -3.2415848e-02  -2.0427976e-01  -5.2991118e-01   2.0872923e+00   2.8541426e-01  -8.6279972e-01   5.5035935e-01
  -2.4945841e-02  -2.0592420e-01  -5.2890722e-01   2.0881381e+00   2.9541426e-01  -8.5753246e-01   5.4699750e-01
  -1.7611100e-02  -2.0767842e-01  -5.2782325e-01   2.0888456e+00   3.0541426e-01  -8.5210741e-01   5.4378538e-01
  -1.0255207e-02  -2.0960148e-01  -5.2666779e-01   2.0895378e+00   3.1541426e-01  -8.4654413e-01   5.4064777e-01
  -2.9891695e-03  -2.1161213e-01  -5.2541186e-01   2.0901851e+00   3.2541426e-01  -8.4122693e-01   5.3774579e-01
   4.4501952e-03  -2.1389574e-01  -5.2389625e-01   2.0908953e+00   3.3541426e-01  -8.3633837e-01   5.3513179e-01
   1.2419927e-02  -2.1654712e-01  -5.2213224e-01   2.0915621e+00   3.4541426e-01  -8.3170295e-01   5.3253255e-01
   2.1412000e-02  -2.1948543e-01  -5.1996300e-01   2.0918070e+00   3.5541426e-01  -8.2690925e-01   5.2951350e-01
   3.1040751e-02  -2.2261164e-01  -5.1694644e-01   2.0912736e+00   3.6541426e-01  -8.2199486e-01   5.2654827e-01
   4.1039230e-02  -2.2581610e-01  -5.1316099e-01   2.0895630e+00   3.7541426e-01  -8.1697274e-01   5.2369799e-01
   5.1039230e-02  -2.2896796e-01  -5.0880298e-01   2.0867511e+00   3.8513901e-01  -8.1179873e-01   5.2097043e-01
   6.1039230e-02  -2.3194020e-01  -5.0406135e-01   2.0826758e+00   3.9450330e-01  -8.0667686e-01   5.1823163e-01
   7.1039230e-02  -2.3461584e-01  -4.9959921e-01   2.0776346e+00   4.0350281e-01  -8.0093805e-01   5.1481682e-01
   8.1039230e-02  -2.3689155e-01  -4.9528444e-01   2.0712606e+00   4.1255342e-01  -7.9403406e-01   5.1064670e-01
   9.1039230e-02  -2.3923486e-01  -4.9100353e-01   2.0634430e+00   4.2135781e-01  -7.8567932e-01   5.0581291e-01
   1.0103923e-01  -2.4127382e-01  -4.8650586e-01   2.0536711e+00   4.3023152e-01  -7.7668678e-01   5.0065058e-01
   1.0963823e-01  -2.4304049e-01  -4.8221714e-01   2.0426352e+00   4.3884427e-01  -7.6668678e-01   4.9573062e-01
   1.1646369e-01  -2.4456114e-01  -4.7848819e-01   2.0296091e+00   4.4701132e-01  -7.5668678e-01   4.9137460e-01
   1.2279964e-01  -2.4513656e-01  -4.7577540e-01   2.0158299e+00   4.5449790e-01  -7.4668678e-01   4.8613387e-01
   1.2677832e-01  -2.4434179e-01  -4.7469135e-01   1.9998306e+00   4.6080686e-01  -7.3668678e-01   4.8053465e-01
   1.2764230e-01  -2.4265250e-01  -4.7459882e-01   1.9812109e+00   4.6714526e-01  -7.2668678e-01   4.7595247e-01
   1.2566829e-01  -2.3977049e-01  -4.7618114e-01   1.9588435e+00   4.7272137e-01  -7.1668678e-01   4.7133108e-01
   1.2363087e-01  -2.3610229e-01  -4.7976097e-01   1.9374985e+00   4.7656954e-01  -7.0668678e-01   4.6475586e-01
   1.2078417e-01  -2.2965726e-01  -4.8619750e-01   1.9122148e+00   4.7961732e-01  -6.9668678e-01   4.5530097e-01
   1.1786002e-01  -2.1965726e-01  -4.9549306e-01   1.8870532e+00   4.7805772e-01  -6.9021108e-01   4.4282279e-01
   1.1452064e-01  -2.2380232e-01  -4.8893084e-01   1.8916459e+00   4.8030934e-01  -6.9297329e-01   4.5282279e-01
   1.0539345e-01  -2.1380232e-01  -4.9654900e-01   1.8540705e+00   4.7637641e-01  -6.8556852e-01   4.4387597e-01
   1.0486817e-01  -2.1860257e-01  -4.9284968e-01   1.8640705e+00   4.7870875e-01  -6.8813240e-01   4.5066340e-01
   9.4498384e-02  -2.1534858e-01  -4.9315538e-01   1.8395799e+00   4.8336143e-01  -6.7813240e-01   4.5177930e-01
   9.0670373e-02  -2.0534858e-01  -5.1205005e-01   1.8329689e+00   4.6752041e-01  -6.7390410e-01   4.3238276e-01
   8.9847536e-02  -2.0977808e-01  -5.0205005e-01   1.8277928e+00   4.7727611e-01  -6.7073892e-01   4.4190405e-01
   8.6453329e-02  -2.0774641e-01  -5.0072283e-01   1.8136823e+00   4.8028191e-01  -6.6073892e-01   4.4035228e-01
   8.3082572e-02  -2.0404381e-01  -5.0466359e-01   1.7990230e+00   4.7863574e-01  -6.5073892e-01   4.3360563e-01
   8.0254981e-02  -1.9816894e-01  -5.0954490e-01   1.7816985e+00   4.7425676e-01  -6.4073892e-01   4.2433486e-01
   2.6424015e-02  -1.9494878e-01  -5.4945277e-01   1.6962130e+00   4.6609946e-01  -6.7555444e-01   4.3433486e-01
   3.2868407e-02  -1.9495949e-01  -5.4452072e-01   1.7062130e+00   4.6692420e-01  -6.7087053e-01   4.3307648e-01
   3.9680839e-02  -1.9448429e-01  -5.3839421e-01   1.7162130e+00   4.6853194e-01  -6.6396426e-01   4.3155782e-01
   4.5577374e-02  -1.9324796e-01  -5.3146127e-01   1.7235353e+00   4.7091727e-01  -6.5396426e-01   4.2972713e-01
   4.8022717e-02  -1.9132544e-01  -5.2737045e-01   1.7240791e+00   4.7216863e-01  -6.4396426e-01   4.2714084e-01
   4.7651416e-02  -1.8774856e-01  -5.2621672e-01   1.7192930e+00   4.7016187e-01  -6.3396426e-01   4.2271648e-01
   4.1929212e-02  -1.8210911e-01  -5.2824338e-01   1.7049707e+00   4.5902584e-01  -6.2396426e-01   4.1632303e-01
   2.0153584e-02  -1.7606614e-01  -5.3576569e-01   1.6670784e+00   4.3134528e-01  -6.1396426e-01   4.1104085e-01
   2.2287115e-02  -1.7817813e-01  -5.3190989e-01   1.6770784e+00   4.3820159e-01  -6.1930771e-01   4.1672895e-01
  -5.9043850e-03  -1.7066708e-01  -5.3395906e-01   1.6377691e+00   4.0748907e-01  -6.0930771e-01   4.1793434e-01
  -2.6511778e-04  -1.7342953e-01  -5.3311054e-01   1.6477691e+00   4.1243018e-01  -6.1168972e-01   4.1849273e-01
  -4.3341929e-03  -1.8169017e-01  -5.2686720e-01   1.6577691e+00   3.8501808e-01  -6.1445090e-01   4.2474871e-01
  -7.3645177e-03  -1.7428988e-01  -5.3183758e-01   1.6403293e+00   3.9501808e-01  -6.1094782e-01   4.2025863e-01
  -6.1670948e-02  -1.7260417e-01  -5.3027539e-01   1.6032662e+00   2.9046909e-01  -6.0094782e-01   4.2795782e-01
  -5.6272377e-02  -1.7274984e-01  -5.3059690e-01   1.6067882e+00   3.0046909e-01  -6.0230236e-01   4.2726897e-01
  -5.1079192e-02  -1.7283184e-01  -5.3076824e-01   1.6093912e+00   3.1046909e-01  -6.0362663e-01   4.2668748e-01
  -4.6893663e-02  -1.7225027e-01  -5.3117557e-01   1.6093987e+00   3.2046909e-01  -6.0469387e-01   4.2602224e-01
  -4.4418981e-02  -1.7119788e-01  -5.3149723e-01   1.6053351e+00   3.3046909e-01  -6.0561053e-01   4.2586395e-01
  -4.5488054e-02  -1.6908599e-01  -5.3244405e-01   1.5902462e+00   3.4046909e-01  -6.0264227e-01   4.2525677e-01
  -4.8649806e-02  -1.6706432e-01  -5.3402238e-01   1.5768507e+00   3.4113314e-01  -5.9264227e-01   4.2221290e-01
  -5.1436415e-02  -1.6551417e-01  -5.3528221e-01   1.5650012e+00   3.4120903e-01  -5.8264227e-01   4.1936725e-01
  -5.3232295e-02  -1.6405682e-01  -5.3642447e-01   1.5555275e+00   3.4134609e-01  -5.7264227e-01   4.1627932e-01
  -5.5344530e-02  -1.6346232e-01  -5.3638908e-01   1.5474623e+00   3.4094231e-01  -5.6264227e-01   4.1448756e-01
  -5.7805544e-02  -1.6257956e-01  -5.3592109e-01   1.5394211e+00   3.4084724e-01  -5.5264227e-01   4.1315564e-01
  -6.0513358e-02  -1.6210641e-01  -5.3567950e-01   1.5314037e+00   3.4134764e-01  -5.4264227e-01   4.1209305e-01
  -6.2791521e-02  -1.6175252e-01  -5.3475969e-01   1.5238339e+00   3.4137440e-01  -5.3264227e-01   4.1123906e-01
  -6.5171239e-02  -1.6117652e-01  -5.3402557e-01   1.5161710e+00   3.4110216e-01  -5.2264227e-01   4.1018150e-01
  -6.7524207e-02  -1.6080050e-01  -5.3321743e-01   1.5090036e+00   3.4116773e-01  -5.1264227e-01   4.0935281e-01
  -6.9634284e-02  -1.6071894e-01  -5.3246017e-01   1.5023806e+00   3.4077789e-01  -5.0264227e-01   4.0840064e-01
  -7.1549429e-02  -1.6027923e-01  -5.3170888e-01   1.4965008e+00   3.4094355e-01  -4.9264227e-01   4.0743729e-01
  -7.2770207e-02  -1.5985724e-01  -5.3162163e-01   1.4906264e+00   3.4065341e-01  -4.8264227e-01   4.0562425e-01
  -7.4047085e-02  -1.5952269e-01  -5.3143607e-01   1.4859350e+00   3.3990005e-01  -4.7264227e-01   4.0388533e-01
  -7.5676891e-02  -1.5948722e-01  -5.3054959e-01   1.4821964e+00   3.3708676e-01  -4.6264227e-01   4.0228274e-01
  -7.7291222e-02  -1.5972448e-01  -5.2934578e-01   1.4787151e+00   3.3387248e-01  -4.5264227e-01   4.0082175e-01
  -7.9068381e-02  -1.5985511e-01  -5.2842278e-01   1.4750275e+00   3.3022977e-01  -4.4264227e-01   3.9906320e-01
  -8.0526594e-02  -1.6242625e-01  -5.2499348e-01   1.4664915e+00   3.2609047e-01  -4.3264227e-01   3.9886336e-01
  -8.2116453e-02  -1.6462073e-01  -5.1499348e-01   1.4591023e+00   3.2193737e-01  -4.2325626e-01   4.0248529e-01
  -8.6971855e-02  -1.6745606e-01  -5.0499348e-01   1.4578715e+00   3.2144199e-01  -4.2103093e-01   4.1035186e-01
  -9.0567144e-02  -1.7160242e-01  -4.9817405e-01   1.4574689e+00   3.2930256e-01  -4.2520295e-01   4.2035186e-01
  -1.0216262e-01  -1.6335790e-01  -4.9792176e-01   1.4650327e+00   3.2116412e-01  -4.1520295e-01   4.1913072e-01
  -9.2162617e-02  -1.7040148e-01  -4.9833848e-01   1.4584814e+00   3.2815027e-01  -4.2374247e-01   4.2019714e-01
  -1.0384274e-01  -1.6212813e-01  -4.9785000e-01   1.4661860e+00   3.1990597e-01  -4.1374247e-01   4.1907856e-01
  -9.3842745e-02  -1.6914449e-01  -4.9835324e-01   1.4595742e+00   3.2691506e-01  -4.2221313e-01   4.2011079e-01
  -1.0565199e-01  -1.6081738e-01  -4.9781725e-01   1.4674530e+00   3.1855095e-01  -4.1221313e-01   4.1899378e-01
  -9.5651987e-02  -1.6780282e-01  -4.9829405e-01   1.4607727e+00   3.2557458e-01  -4.2058700e-01   4.2004696e-01
  -1.0768515e-01  -1.5936825e-01  -4.9793212e-01   1.4689244e+00   3.1703537e-01  -4.1058700e-01   4.1881424e-01
  -9.7685149e-02  -1.6631330e-01  -4.9821371e-01   1.4621478e+00   3.2406561e-01  -4.1880249e-01   4.1996652e-01
  -9.7685149e-02  -1.6631330e-01  -4.9821371e-01   1.4621478e+00   3.2406561e-01  -4.1880249e-01   4.1996652e-01
  -9.5774201e-02  -1.7223595e-01  -4.9763833e-01   1.4721478e+00   3.2166223e-01  -4.2273534e-01   4.2122246e-01
  -9.3848820e-02  -1.7815815e-01  -4.9712273e-01   1.4821478e+00   3.1930698e-01  -4.2660077e-01   4.2244928e-01
  -9.1453622e-02  -1.8432707e-01  -4.9683100e-01   1.4921478e+00   3.1696963e-01  -4.3064276e-01   4.2345072e-01
  -8.8940655e-02  -1.9041140e-01  -4.9677825e-01   1.5021478e+00   3.1458251e-01  -4.3463426e-01   4.2422154e-01
  -8.6258816e-02  -1.9647868e-01  -4.9695404e-01   1.5121478e+00   3.1218785e-01  -4.3858255e-01   4.2477905e-01
  -8.3537592e-02  -2.0258313e-01  -4.9755819e-01   1.5221478e+00   3.0982576e-01  -4.4253479e-01   4.2510264e-01
  -8.1001435e-02  -2.0824764e-01  -4.9837215e-01   1.5321478e+00   3.0743954e-01  -4.4596737e-01   4.2518433e-01
  -7.8375004e-02  -2.1382771e-01  -4.9922689e-01   1.5421478e+00   3.0536461e-01  -4.4977073e-01   4.2535873e-01
  -7.5663371e-02  -2.1928222e-01  -5.0023702e-01   1.5521478e+00   3.0359506e-01  -4.5408441e-01   4.2557384e-01
  -7.2792399e-02  -2.2465251e-01  -5.0144320e-01   1.5621478e+00   3.0230223e-01  -4.5898855e-01   4.2586440e-01
  -6.9845891e-02  -2.2992636e-01  -5.0270157e-01   1.5721478e+00   3.0118567e-01  -4.6452450e-01   4.2624203e-01
  -6.6964792e-02  -2.3505217e-01  -5.0390919e-01   1.5821478e+00   3.0020950e-01  -4.7043280e-01   4.2676237e-01
  -6.4030811e-02  -2.4008378e-01  -5.0517694e-01   1.5921478e+00   2.9925228e-01  -4.7680528e-01   4.2729295e-01
  -6.1058895e-02  -2.4491160e-01  -5.0649295e-01   1.6021478e+00   2.9843149e-01  -4.8356963e-01   4.2784910e-01
  -5.8029078e-02  -2.4955407e-01  -5.0786009e-01   1.6121478e+00   2.9765598e-01  -4.9068182e-01   4.2838416e-01
  -5.4956352e-02  -2.5399955e-01  -5.0924441e-01   1.6221478e+00   2.9700888e-01  -4.9811751e-01   4.2894741e-01
  -5.1875196e-02  -2.5826098e-01  -5.1072239e-01   1.6321478e+00   2.9645708e-01  -5.0585718e-01   4.2949762e-01
  -4.8731845e-02  -2.6230079e-01  -5.1216638e-01   1.6421478e+00   2.9591389e-01  -5.1385328e-01   4.3003476e-01
  -4.5541756e-02  -2.6617856e-01  -5.1363118e-01   1.6521478e+00   2.9544077e-01  -5.2213160e-01   4.3057611e-01
  -4.2313746e-02  -2.6985359e-01  -5.1513268e-01   1.6621478e+00   2.9508593e-01  -5.3071894e-01   4.3112396e-01
  -3.9176099e-02  -2.7338343e-01  -5.1648280e-01   1.6721478e+00   2.9480105e-01  -5.3954649e-01   4.3184735e-01
  -3.6087291e-02  -2.7670505e-01  -5.1767325e-01   1.6821478e+00   2.9460763e-01  -5.4839401e-01   4.3267973e-01
  -3.2970237e-02  -2.7988399e-01  -5.1872719e-01   1.6921478e+00   2.9466175e-01  -5.5735308e-01   4.3365399e-01
  -2.9679601e-02  -2.8283926e-01  -5.1972326e-01   1.7021478e+00   2.9511044e-01  -5.6601130e-01   4.3458648e-01
  -2.6204260e-02  -2.8561575e-01  -5.2071451e-01   1.7121478e+00   2.9578111e-01  -5.7413862e-01   4.3534801e-01
  -2.2468878e-02  -2.8832013e-01  -5.2162395e-01   1.7221478e+00   2.9689116e-01  -5.8179318e-01   4.3605296e-01
  -1.8459222e-02  -2.9087433e-01  -5.2258995e-01   1.7321478e+00   2.9863529e-01  -5.8914193e-01   4.3666067e-01
  -1.4293516e-02  -2.9329840e-01  -5.2353199e-01   1.7421478e+00   3.0099965e-01  -5.9618846e-01   4.3728354e-01
  -9.8330984e-03  -2.9566994e-01  -5.2442119e-01   1.7521478e+00   3.0396581e-01  -6.0301485e-01   4.3789575e-01
  -5.1635847e-03  -2.9787740e-01  -5.2535634e-01   1.7621478e+00   3.0764757e-01  -6.0962967e-01   4.3846973e-01
  -2.4815280e-04  -2.9998658e-01  -5.2631303e-01   1.7721478e+00   3.1195177e-01  -6.1605114e-01   4.3899513e-01
   4.9776423e-03  -3.0194156e-01  -5.2724640e-01   1.7821478e+00   3.1677705e-01  -6.2233502e-01   4.3942264e-01
   1.0479001e-02  -3.0385392e-01  -5.2812713e-01   1.7921478e+00   3.2196626e-01  -6.2829776e-01   4.3974281e-01
   1.6264460e-02  -3.0567002e-01  -5.2889777e-01   1.8021478e+00   3.2743213e-01  -6.3383248e-01   4.3991724e-01
   2.2111363e-02  -3.0736280e-01  -5.2942682e-01   1.8121478e+00   3.3311774e-01  -6.3902016e-01   4.4015216e-01
   2.7900603e-02  -3.0912225e-01  -5.2970577e-01   1.8221478e+00   3.3915081e-01  -6.4400362e-01   4.4065977e-01
   3.3650516e-02  -3.1098254e-01  -5.2969385e-01   1.8321478e+00   3.4527868e-01  -6.4888110e-01   4.4142482e-01
   3.9322090e-02  -3.1282354e-01  -5.2945153e-01   1.8421478e+00   3.5114307e-01  -6.5368142e-01   4.4229647e-01
   4.5005925e-02  -3.1460983e-01  -5.2910294e-01   1.8521478e+00   3.5658163e-01  -6.5831272e-01   4.4305777e-01
   5.0748273e-02  -3.1636488e-01  -5.2864093e-01   1.8621478e+00   3.6160276e-01  -6.6270335e-01   4.4367796e-01
   5.6436373e-02  -3.1808914e-01  -5.2811051e-01   1.8721478e+00   3.6629975e-01  -6.6687649e-01   4.4422517e-01
   6.1923125e-02  -3.1982300e-01  -5.2733260e-01   1.8821478e+00   3.7082155e-01  -6.7090806e-01   4.4498594e-01
   6.7208322e-02  -3.2163921e-01  -5.2640246e-01   1.8921478e+00   3.7532334e-01  -6.7505389e-01   4.4603491e-01
   7.2352466e-02  -3.2348829e-01  -5.2531051e-01   1.9021478e+00   3.7976913e-01  -6.7933907e-01   4.4732118e-01
   7.7317067e-02  -3.2545567e-01  -5.2409999e-01   1.9121478e+00   3.8403584e-01  -6.8385578e-01   4.4886765e-01
   8.2186366e-02  -3.2740030e-01  -5.2283704e-01   1.9221478e+00   3.8804090e-01  -6.8850255e-01   4.5047294e-01
   8.7024650e-02  -3.2932288e-01  -5.2155485e-01   1.9321478e+00   3.9174301e-01  -6.9312577e-01   4.5201948e-01
   9.1851239e-02  -3.3120632e-01  -5.2033511e-01   1.9421478e+00   3.9514885e-01  -6.9767518e-01   4.5341901e-01
   9.6734910e-02  -3.3297768e-01  -5.1915964e-01   1.9521478e+00   3.9837585e-01  -7.0199933e-01   4.5459588e-01
   1.0157621e-01  -3.3472240e-01  -5.1804029e-01   1.9621478e+00   4.0147677e-01  -7.0611741e-01   4.5565816e-01
   1.0634098e-01  -3.3649379e-01  -5.1692476e-01   1.9721478e+00   4.0438976e-01  -7.1009695e-01   4.5668878e-01
   1.1092435e-01  -3.3838449e-01  -5.1562127e-01   1.9821478e+00   4.0728077e-01  -7.1394287e-01   4.5797048e-01
   1.1530896e-01  -3.4034905e-01  -5.1415481e-01   1.9921478e+00   4.1001999e-01  -7.1773187e-01   4.5946954e-01
   1.1957503e-01  -3.4233191e-01  -5.1251206e-01   2.0021478e+00   4.1274755e-01  -7.2158777e-01   4.6119685e-01
   1.2386197e-01  -3.4428923e-01  -5.1080249e-01   2.0121478e+00   4.1531342e-01  -7.2532053e-01   4.6286558e-01
   1.2839454e-01  -3.4623394e-01  -5.0904217e-01   2.0221478e+00   4.1773774e-01  -7.2894065e-01   4.6432525e-01
   1.3296864e-01  -3.4826425e-01  -5.0715963e-01   2.0321478e+00   4.2014622e-01  -7.3249977e-01   4.6585068e-01
   1.3740021e-01  -3.5038774e-01  -5.0516786e-01   2.0421478e+00   4.2258703e-01  -7.3608358e-01   4.6760236e-01
   1.4192786e-01  -3.5236826e-01  -5.0324524e-01   2.0521478e+00   4.2493562e-01  -7.3955409e-01   4.6912004e-01
   1.4636989e-01  -3.5425999e-01  -5.0151794e-01   2.0621478e+00   4.2702224e-01  -7.4335096e-01   4.7056405e-01
   1.5054122e-01  -3.5612314e-01  -5.0000678e-01   2.0721478e+00   4.2901824e-01  -7.4710063e-01   4.7199387e-01
   1.5437990e-01  -3.5784245e-01  -4.9864523e-01   2.0821478e+00   4.3094737e-01  -7.5125482e-01   4.7361735e-01
   1.5787549e-01  -3.5963505e-01  -4.9737897e-01   2.0921478e+00   4.3267508e-01  -7.5571260e-01   4.7549759e-01
   1.6098804e-01  -3.6143505e-01  -4.9616994e-01   2.1021478e+00   4.3436384e-01  -7.6032501e-01   4.7766010e-01
   1.6370833e-01  -3.6313723e-01  -4.9536092e-01   2.1121478e+00   4.3602161e-01  -7.6464933e-01   4.7968126e-01
   1.6616777e-01  -3.6471515e-01  -4.9500587e-01   2.1221478e+00   4.3768967e-01  -7.6880903e-01   4.8147701e-01
   1.6819546e-01  -3.6609686e-01  -4.9517112e-01   2.1321478e+00   4.3924681e-01  -7.7272059e-01   4.8303251e-01
   1.6968336e-01  -3.6723415e-01  -4.9590805e-01   2.1421478e+00   4.4073714e-01  -7.7649916e-01   4.8442742e-01
   1.7040104e-01  -3.6808387e-01  -4.9691840e-01   2.1521478e+00   4.4226794e-01  -7.8025386e-01   4.8609188e-01
   1.7025169e-01  -3.6840761e-01  -4.9812902e-01   2.1621478e+00   4.4327561e-01  -7.8407694e-01   4.8792538e-01
   1.6921857e-01  -3.6818453e-01  -4.9958322e-01   2.1721478e+00   4.4332136e-01  -7.8809353e-01   4.8982130e-01
   1.6762936e-01  -3.6762249e-01  -5.0115747e-01   2.1821478e+00   4.4252112e-01  -7.9237574e-01   4.9176886e-01
   1.6521441e-01  -3.6661665e-01  -5.0281937e-01   2.1921478e+00   4.4058973e-01  -7.9748438e-01   4.9406799e-01
   1.6216940e-01  -3.6523776e-01  -5.0457532e-01   2.2021478e+00   4.3757952e-01  -8.0335934e-01   4.9659038e-01
   1.5825995e-01  -3.6346022e-01  -5.0634828e-01   2.2121478e+00   4.3330972e-01  -8.1026841e-01   4.9959452e-01
   1.5342338e-01  -3.6124303e-01  -5.0811981e-01   2.2221478e+00   4.2790671e-01  -8.1835064e-01   5.0320853e-01
   1.4739079e-01  -3.5855671e-01  -5.0981552e-01   2.2321478e+00   4.2112468e-01  -8.2780020e-01   5.0766921e-01
   1.3975608e-01  -3.5536132e-01  -5.1146547e-01   2.2421478e+00   4.1255243e-01  -8.3898530e-01   5.1325911e-01
   1.3045120e-01  -3.5158499e-01  -5.1315075e-01   2.2521478e+00   4.0191445e-01  -8.5166412e-01   5.1978282e-01
   1.1921998e-01  -3.4690858e-01  -5.1516801e-01   2.2621478e+00   3.8844574e-01  -8.6622153e-01   5.2702533e-01
   1.0534124e-01  -3.4114437e-01  -5.1743628e-01   2.2721478e+00   3.7132162e-01  -8.8305448e-01   5.3541340e-01
   8.9654363e-02  -3.3465834e-01  -5.2036950e-01   2.2821478e+00   3.5125867e-01  -9.0115264e-01   5.4405367e-01
   6.8685110e-02  -3.2647483e-01  -5.2474811e-01   2.2921478e+00   3.2384514e-01  -9.2203294e-01   5.5399955e-01
   4.2553187e-02  -3.1728157e-01  -5.3137506e-01   2.3008186e+00   2.8953484e-01  -9.4257971e-01   5.6399955e-01
   1.0352008e-02  -3.0768268e-01  -5.4077184e-01   2.3062855e+00   2.4974425e-01  -9.5967201e-01   5.7399955e-01
  -9.1862021e-03  -3.0934418e-01  -5.4791334e-01   2.2970551e+00   2.2985440e-01  -9.4967201e-01   5.7749438e-01
  -2.4124166e-03  -3.0529923e-01  -5.4540383e-01   2.3070551e+00   2.3704466e-01  -9.6521904e-01   5.7800672e-01
  -4.1124999e-02  -3.0169175e-01  -5.5843076e-01   2.2961929e+00   1.9981232e-01  -9.6368723e-01   5.8800672e-01
  -3.1643828e-02  -3.0202748e-01  -5.5519020e-01   2.3000925e+00   2.0981232e-01  -9.6860947e-01   5.8656937e-01
  -4.1997735e-02  -2.9865548e-01  -5.6387283e-01   2.3100925e+00   1.9993953e-01  -1.0140947e+00   5.9557700e-01
  -4.2699913e-02  -2.9790856e-01  -5.6340107e-01   2.3065433e+00   1.9760012e-01  -1.0040947e+00   5.9330676e-01
  -8.7893715e-02  -2.8790856e-01  -5.7433646e-01   2.2873051e+00   1.3475952e-01  -1.0013414e+00   6.0256988e-01
  -8.0548520e-02  -2.8980278e-01  -5.7319306e-01   2.2916029e+00   1.4475952e-01  -1.0051817e+00   6.0138767e-01
  -7.1926431e-02  -2.9200344e-01  -5.7184606e-01   2.2988011e+00   1.5475952e-01  -1.0176385e+00   6.0111285e-01
  -9.7802280e-02  -2.9292245e-01  -5.8782572e-01   2.3062696e+00   1.0107729e-01  -1.0637152e+00   6.1111285e-01
  -9.3459085e-02  -2.9221295e-01  -5.8379403e-01   2.3041043e+00   1.1087906e-01  -1.0537152e+00   6.0964115e-01
  -9.1041370e-02  -2.9043836e-01  -5.7964360e-01   2.3007879e+00   1.1706402e-01  -1.0437152e+00   6.0861453e-01
  -1.1770372e-01  -2.8043836e-01  -5.8226379e-01   2.2858640e+00   7.1693847e-02  -1.0369603e+00   6.1380279e-01
  -1.1128699e-01  -2.8386064e-01  -5.8187616e-01   2.2905265e+00   8.1693847e-02  -1.0414795e+00   6.1314209e-01
  -1.0885688e-01  -2.9160877e-01  -5.8630069e-01   2.3005265e+00   8.3229463e-02  -1.0666171e+00   6.1621102e-01
  -1.1690187e-01  -2.8574169e-01  -5.8416155e-01   2.2930426e+00   6.8807784e-02  -1.0566171e+00   6.1730060e-01
  -1.4913943e-01  -2.8199152e-01  -5.9360032e-01   2.2795431e+00   1.1811817e-02  -1.0694240e+00   6.2730060e-01
  -1.4312305e-01  -2.8241843e-01  -5.9152846e-01   2.2826199e+00   2.1811817e-02  -1.0680808e+00   6.2542562e-01
  -1.3604806e-01  -2.8306597e-01  -5.8682517e-01   2.2881366e+00   3.1811817e-02  -1.0727671e+00   6.2498902e-01
  -1.6575671e-01  -2.7719319e-01  -5.9494903e-01   2.2755310e+00  -8.4654350e-03  -1.0848175e+00   6.3498902e-01
  -1.5596703e-01  -2.7791992e-01  -5.9070420e-01   2.2794588e+00   1.5345650e-03  -1.0847714e+00   6.3175360e-01
  -1.8141761e-01  -2.7592225e-01  -5.9720731e-01   2.2599250e+00  -3.6923773e-02  -1.1011778e+00   6.4175360e-01
  -1.7527760e-01  -2.7562145e-01  -5.9454245e-01   2.2655375e+00  -2.6923773e-02  -1.0981950e+00   6.3954848e-01
  -1.9253374e-01  -2.6562145e-01  -5.9836950e-01   2.2517263e+00  -4.9644468e-02  -1.1077557e+00   6.4243712e-01
  -1.8629679e-01  -2.7488082e-01  -5.9868579e-01   2.2519599e+00  -4.6103761e-02  -1.0977557e+00   6.4298856e-01
  -2.0399418e-01  -2.6488082e-01  -5.9882209e-01   2.2389061e+00  -6.3191460e-02  -1.1039978e+00   6.4872736e-01
  -2.1772495e-01  -2.7508040e-01  -6.1084191e-01   2.2028100e+00  -8.8832277e-02  -1.0939978e+00   6.5383313e-01
  -2.1497949e-01  -2.6885292e-01  -6.0568715e-01   2.2128100e+00  -8.1742998e-02  -1.0991954e+00   6.5222791e-01
  -2.2203224e-01  -2.5885292e-01  -6.0292978e-01   2.2065621e+00  -8.1188433e-02  -1.1036012e+00   6.5287242e-01
  -2.2162024e-01  -2.6147514e-01  -6.1294018e-01   2.1639032e+00  -8.8699782e-02  -1.0936012e+00   6.4466108e-01
  -2.2281673e-01  -2.5907900e-01  -6.1044265e-01   2.1739032e+00  -8.5769578e-02  -1.0953432e+00   6.4648500e-01
  -2.2632856e-01  -2.5089156e-01  -6.0821451e-01   2.1687110e+00  -7.9975705e-02  -1.0853432e+00   6.4586340e-01
  -2.2525725e-01  -2.5228604e-01  -6.1242645e-01   2.1565283e+00  -8.2120525e-02  -1.0753432e+00   6.4264149e-01
  -2.2600565e-01  -2.5154254e-01  -6.1270805e-01   2.1483604e+00  -8.1558284e-02  -1.0653432e+00   6.4237954e-01
  -2.2643168e-01  -2.5102644e-01  -6.1239124e-01   2.1379100e+00  -8.1340663e-02  -1.0553432e+00   6.4220655e-01
  -2.2774165e-01  -2.5104602e-01  -6.1110235e-01   2.1226451e+00  -8.0795315e-02  -1.0453432e+00   6.4319208e-01
  -2.2908648e-01  -2.5104364e-01  -6.1015008e-01   2.0973559e+00  -7.5686318e-02  -1.0353432e+00   6.4315928e-01
  -2.2862468e-01  -2.5000216e-01  -6.0931851e-01   2.1073559e+00  -7.8035264e-02  -1.0381064e+00   6.4352161e-01
  -2.3134273e-01  -2.5137455e-01  -6.1095068e-01   2.0856889e+00  -6.9480235e-02  -1.0281064e+00   6.4380274e-01
  -2.3353796e-01  -2.4865409e-01  -6.1236996e-01   2.0764671e+00  -6.9410197e-02  -1.0181064e+00   6.4252879e-01
  -2.3290597e-01  -2.7258166e-01  -6.1635818e-01   2.0121709e+00  -6.5884965e-02  -1.0081064e+00   6.4762443e-01
  -2.3310867e-01  -2.6798546e-01  -6.1624586e-01   2.0221709e+00  -6.6561937e-02  -1.0087488e+00   6.4614338e-01
  -2.3467694e-01  -2.6098430e-01  -6.1689234e-01   2.0321709e+00  -6.7563588e-02  -1.0061097e+00   6.4387949e-01
  -2.3798576e-01  -2.5174924e-01  -6.1954791e-01   2.0354737e+00  -6.8978609e-02  -9.9610967e-01   6.3992603e-01
  -2.3922449e-01  -2.5243105e-01  -6.2197437e-01   2.0256583e+00  -6.9797904e-02  -9.8610967e-01   6.3906374e-01
  -2.4151088e-01  -2.5229948e-01  -6.2371882e-01   2.0153010e+00  -6.9931618e-02  -9.7610967e-01   6.3889166e-01
  -2.4423474e-01  -2.5262347e-01  -6.2428879e-01   2.0012355e+00  -7.0236017e-02  -9.6610967e-01   6.3974877e-01
  -2.4701886e-01  -2.5157143e-01  -6.2484157e-01   1.9877728e+00  -6.9747627e-02  -9.5610967e-01   6.3995801e-01
  -2.5026181e-01  -2.4974679e-01  -6.2324251e-01   1.9730426e+00  -7.0533976e-02  -9.4610967e-01   6.4140039e-01
  -2.5714655e-01  -2.4623177e-01  -6.2691288e-01   1.9516241e+00  -7.4540087e-02  -9.3610967e-01   6.4018326e-01
  -2.5328974e-01  -2.5237844e-01  -6.2040283e-01   1.9603452e+00  -6.4540087e-02  -9.4675056e-01   6.4584413e-01
  -2.5779970e-01  -2.4380890e-01  -6.2583173e-01   1.9433005e+00  -7.1286375e-02  -9.3675056e-01   6.3938762e-01
  -2.6144472e-01  -2.3985479e-01  -6.2786998e-01   1.9226870e+00  -7.2309695e-02  -9.2675056e-01   6.3696299e-01
  -2.8195468e-01  -2.3293175e-01  -6.2596896e-01   1.9087861e+00  -7.9514598e-02  -9.2902017e-01   6.4696299e-01
  -2.7195468e-01  -2.3449107e-01  -6.2613896e-01   1.9092222e+00  -7.7074117e-02  -9.2727040e-01   6.4110525e-01
  -2.7421470e-01  -2.2449107e-01  -6.3078817e-01   1.8721791e+00  -8.5639682e-02  -9.2569664e-01   6.3106748e-01
  -2.7547329e-01  -2.2645323e-01  -6.2853897e-01   1.8821791e+00  -8.4933197e-02  -9.2436557e-01   6.3545190e-01
  -2.9018225e-01  -2.2199009e-01  -6.2577437e-01   1.8628979e+00  -1.0317109e-01  -9.1436557e-01   6.4410063e-01
  -2.8118931e-01  -2.2348923e-01  -6.3216415e-01   1.8682473e+00  -9.3171090e-02  -9.2905366e-01   6.3363044e-01
  -2.8879632e-01  -2.2205151e-01  -6.2935717e-01   1.8604252e+00  -1.0765702e-01  -9.1905366e-01   6.4041110e-01
  -2.9967540e-01  -2.2035025e-01  -6.3124601e-01   1.8452857e+00  -1.3966578e-01  -9.0905366e-01   6.4580357e-01
  -2.9609871e-01  -2.2123567e-01  -6.3123558e-01   1.8530273e+00  -1.2966578e-01  -9.1748484e-01   6.4346117e-01
  -3.0865343e-01  -2.1649857e-01  -6.3277075e-01   1.8312026e+00  -1.7100993e-01  -9.0748484e-01   6.4869276e-01
  -3.0543551e-01  -2.1779559e-01  -6.3271230e-01   1.8397278e+00  -1.6100993e-01  -9.1237080e-01   6.4700042e-01
  -2.9989311e-01  -2.2092006e-01  -6.3310037e-01   1.8497278e+00  -1.6605701e-01  -9.0985114e-01   6.4607253e-01
  -3.0449272e-01  -2.1917494e-01  -6.3374476e-01   1.8413900e+00  -1.7534935e-01  -8.9985114e-01   6.4844575e-01
  -3.0335155e-01  -2.1849983e-01  -6.3285154e-01   1.8362731e+00  -1.7898326e-01  -8.8985114e-01   6.4885394e-01
  -3.0423525e-01  -2.1833679e-01  -6.3419947e-01   1.8331204e+00  -1.9162798e-01  -8.7985114e-01   6.4956587e-01
  -3.0961774e-01  -2.2471001e-01  -6.4284741e-01   1.8431204e+00  -2.0651932e-01  -8.8569825e-01   6.5044966e-01
  -3.0600982e-01  -2.2044143e-01  -6.3701552e-01   1.8365137e+00  -1.9651932e-01  -8.8182959e-01   6.4986377e-01
  -3.0239997e-01  -2.1612014e-01  -6.3132526e-01   1.8291863e+00  -1.8651932e-01  -8.7759198e-01   6.4915087e-01
  -3.0729260e-01  -2.2199690e-01  -6.3900214e-01   1.8391863e+00  -2.0007638e-01  -8.8334811e-01   6.5013985e-01
  -3.0369562e-01  -2.1765356e-01  -6.3336130e-01   1.8317858e+00  -1.9007638e-01  -8.7911572e-01   6.4937640e-01
  -3.0858503e-01  -2.2356514e-01  -6.4101674e-01   1.8417858e+00  -2.0366841e-01  -8.8481327e-01   6.5041214e-01
  -3.0499367e-01  -2.1922351e-01  -6.3536920e-01   1.8345068e+00  -1.9366841e-01  -8.8066904e-01   6.4965155e-01
  -3.0499367e-01  -2.1922351e-01  -6.3536920e-01   1.8345068e+00  -1.9366841e-01  -8.8066904e-01   6.4965155e-01
  -3.0882103e-01  -2.1444527e-01  -6.3353961e-01   1.8184591e+00  -1.9438045e-01  -8.7066904e-01   6.5090125e-01
  -3.1269111e-01  -2.0965540e-01  -6.3174318e-01   1.8023743e+00  -1.9517691e-01  -8.6066904e-01   6.5215706e-01
  -3.1655537e-01  -2.0473188e-01  -6.2985218e-01   1.7861200e+00  -1.9579121e-01  -8.5066904e-01   6.5340252e-01
  -3.2061009e-01  -1.9947058e-01  -6.2781545e-01   1.7691570e+00  -1.9587728e-01  -8.4066904e-01   6.5464795e-01
  -3.2495509e-01  -1.9387684e-01  -6.2571762e-01   1.7514446e+00  -1.9571604e-01  -8.3066904e-01   6.5589702e-01
  -3.2947120e-01  -1.8784757e-01  -6.2348462e-01   1.7327732e+00  -1.9489107e-01  -8.2066904e-01   6.5705687e-01
  -3.3419381e-01  -1.8142210e-01  -6.2120066e-01   1.7133822e+00  -1.9319691e-01  -8.1066904e-01   6.5812567e-01
  -3.3866124e-01  -1.7502584e-01  -6.1894182e-01   1.6941367e+00  -1.9069832e-01  -8.0066904e-01   6.5903987e-01
  -3.4290004e-01  -1.6861170e-01  -6.1673242e-01   1.6750760e+00  -1.8736737e-01  -7.9066904e-01   6.5977208e-01
  -3.4682287e-01  -1.6215479e-01  -6.1455930e-01   1.6562946e+00  -1.8311286e-01  -7.8066904e-01   6.6026812e-01
  -3.5047799e-01  -1.5553970e-01  -6.1238608e-01   1.6375355e+00  -1.7769680e-01  -7.7066904e-01   6.6050348e-01
  -3.5380656e-01  -1.4867095e-01  -6.1031621e-01   1.6186833e+00  -1.7075532e-01  -7.6066904e-01   6.6030500e-01
  -3.5640713e-01  -1.4203913e-01  -6.0834034e-01   1.6010406e+00  -1.6279251e-01  -7.5066904e-01   6.5977308e-01
  -3.5847174e-01  -1.3550176e-01  -6.0649632e-01   1.5843216e+00  -1.5357489e-01  -7.4066904e-01   6.5890952e-01
  -3.5985155e-01  -1.2972667e-01  -6.0491890e-01   1.5697541e+00  -1.4357489e-01  -7.3141015e-01   6.5787623e-01
  -3.6035252e-01  -1.2497693e-01  -6.0344236e-01   1.5581825e+00  -1.3357489e-01  -7.2283764e-01   6.5688451e-01
  -3.6009023e-01  -1.2130653e-01  -6.0246892e-01   1.5496316e+00  -1.2357489e-01  -7.1507283e-01   6.5573892e-01
  -3.5855803e-01  -1.1859358e-01  -6.0167165e-01   1.5443056e+00  -1.1357489e-01  -7.0873823e-01   6.5432548e-01
  -3.5619394e-01  -1.1694415e-01  -6.0073981e-01   1.5427699e+00  -1.0357489e-01  -7.0406116e-01   6.5322485e-01
  -3.5279638e-01  -1.1733462e-01  -5.9946162e-01   1.5461957e+00  -9.3574892e-02  -7.0078748e-01   6.5303402e-01
  -3.4783020e-01  -1.1885889e-01  -5.9844070e-01   1.5561957e+00  -8.5455326e-02  -7.0000404e-01   6.5262899e-01
  -3.4380909e-01  -1.2093740e-01  -5.9784824e-01   1.5661957e+00  -8.1261890e-02  -7.0230764e-01   6.5248724e-01
  -3.4052589e-01  -1.2307583e-01  -5.9805078e-01   1.5761957e+00  -7.8803009e-02  -7.0636945e-01   6.5210084e-01
  -3.3757500e-01  -1.2524903e-01  -5.9806621e-01   1.5861957e+00  -7.7757061e-02  -7.1141565e-01   6.5196218e-01
  -3.3485024e-01  -1.2709167e-01  -5.9821572e-01   1.5961957e+00  -7.7133820e-02  -7.1653464e-01   6.5168766e-01
  -3.3218597e-01  -1.2890822e-01  -5.9805425e-01   1.6061957e+00  -7.6956709e-02  -7.2263914e-01   6.5160286e-01
  -3.2975137e-01  -1.3042718e-01  -5.9748675e-01   1.6161957e+00  -7.6769455e-02  -7.2923877e-01   6.5178425e-01
  -3.2748981e-01  -1.3191928e-01  -5.9677059e-01   1.6261957e+00  -7.6726432e-02  -7.3551505e-01   6.5215833e-01
  -3.2510453e-01  -1.3342314e-01  -5.9594600e-01   1.6361957e+00  -7.6833064e-02  -7.4185099e-01   6.5252769e-01
  -3.2297461e-01  -1.3507772e-01  -5.9489535e-01   1.6461957e+00  -7.7100996e-02  -7.4765080e-01   6.5328034e-01
  -3.2097512e-01  -1.3655600e-01  -5.9400978e-01   1.6561957e+00  -7.7502640e-02  -7.5298479e-01   6.5391617e-01
  -3.1898282e-01  -1.3820563e-01  -5.9312102e-01   1.6661957e+00  -7.8348989e-02  -7.5847041e-01   6.5460599e-01
  -3.1705478e-01  -1.3986629e-01  -5.9225480e-01   1.6761957e+00  -8.0039037e-02  -7.6370754e-01   6.5528837e-01
  -3.1526375e-01  -1.4158931e-01  -5.9169569e-01   1.6861957e+00  -8.1705179e-02  -7.6873716e-01   6.5586445e-01
  -3.1354173e-01  -1.4333796e-01  -5.9130178e-01   1.6961957e+00  -8.3401301e-02  -7.7341227e-01   6.5638129e-01
  -3.1182065e-01  -1.4506982e-01  -5.9117008e-01   1.7061957e+00  -8.4833093e-02  -7.7813769e-01   6.5670862e-01
  -3.1017977e-01  -1.4682325e-01  -5.9114972e-01   1.7161957e+00  -8.6040272e-02  -7.8327901e-01   6.5700306e-01
  -3.0852720e-01  -1.4867789e-01  -5.9109139e-01   1.7261957e+00  -8.7151656e-02  -7.8909551e-01   6.5733399e-01
  -3.0696933e-01  -1.5070432e-01  -5.9074651e-01   1.7361957e+00  -8.8139149e-02  -7.9530223e-01   6.5798444e-01
  -3.0542777e-01  -1.5292402e-01  -5.9035285e-01   1.7461957e+00  -8.9092030e-02  -8.0138458e-01   6.5877181e-01
  -3.0382708e-01  -1.5527043e-01  -5.8978792e-01   1.7561957e+00  -8.9943141e-02  -8.0689965e-01   6.5972539e-01
  -3.0213226e-01  -1.5770560e-01  -5.8921915e-01   1.7661957e+00  -9.0548031e-02  -8.1176691e-01   6.6069991e-01
  -2.9995846e-01  -1.6012775e-01  -5.8867116e-01   1.7761957e+00  -9.0681902e-02  -8.1616689e-01   6.6139159e-01
  -2.9739947e-01  -1.6258209e-01  -5.8831102e-01   1.7861957e+00  -9.0047780e-02  -8.1999896e-01   6.6178542e-01
  -2.9428260e-01  -1.6490959e-01  -5.8803215e-01   1.7961957e+00  -8.8540800e-02  -8.2341533e-01   6.6177237e-01
  -2.9063127e-01  -1.6720498e-01  -5.8794705e-01   1.8061957e+00  -8.6315006e-02  -8.2670197e-01   6.6132133e-01
  -2.8653383e-01  -1.6944008e-01  -5.8788784e-01   1.8161957e+00  -8.3172100e-02  -8.2967841e-01   6.6061216e-01
  -2.8191475e-01  -1.7174578e-01  -5.8782302e-01   1.8261957e+00  -7.9161713e-02  -8.3213725e-01   6.5969409e-01
  -2.7681770e-01  -1.7398412e-01  -5.8790325e-01   1.8361957e+00  -7.4369824e-02  -8.3403697e-01   6.5843246e-01
  -2.7123454e-01  -1.7612099e-01  -5.8805857e-01   1.8461957e+00  -6.8710588e-02  -8.3523462e-01   6.5687216e-01
  -2.6498855e-01  -1.7828230e-01  -5.8832841e-01   1.8561957e+00  -6.1791628e-02  -8.3582344e-01   6.5497063e-01
  -2.5785615e-01  -1.8042891e-01  -5.8865593e-01   1.8661957e+00  -5.3662561e-02  -8.3578456e-01   6.5261919e-01
  -2.4987533e-01  -1.8239800e-01  -5.8909042e-01   1.8761957e+00  -4.3936676e-02  -8.3512621e-01   6.4978199e-01
  -2.4219341e-01  -1.8410723e-01  -5.8956610e-01   1.8851052e+00  -3.3936676e-02  -8.3410428e-01   6.4700958e-01
  -2.3473320e-01  -1.8555967e-01  -5.8996840e-01   1.8929917e+00  -2.3936676e-02  -8.3282200e-01   6.4430139e-01
  -2.2763740e-01  -1.8675284e-01  -5.9047011e-01   1.8998134e+00  -1.3936676e-02  -8.3128993e-01   6.4162417e-01
  -2.2064432e-01  -1.8777335e-01  -5.9086614e-01   1.9059731e+00  -3.9366760e-03  -8.2949317e-01   6.3900559e-01
  -2.1389329e-01  -1.8855461e-01  -5.9129800e-01   1.9114235e+00   6.0633240e-03  -8.2752358e-01   6.3640445e-01
  -2.0729192e-01  -1.8919940e-01  -5.9160095e-01   1.9162776e+00   1.6063324e-02  -8.2548649e-01   6.3391939e-01
  -2.0085287e-01  -1.8973976e-01  -5.9185399e-01   1.9205916e+00   2.6063324e-02  -8.2317166e-01   6.3151520e-01
  -1.9446842e-01  -1.9021488e-01  -5.9220653e-01   1.9245053e+00   3.6063324e-02  -8.2070172e-01   6.2906125e-01
  -1.8814643e-01  -1.9053289e-01  -5.9240046e-01   1.9279948e+00   4.6063324e-02  -8.1798634e-01   6.2666895e-01
  -1.8184661e-01  -1.9084108e-01  -5.9262027e-01   1.9312131e+00   5.6063324e-02  -8.1502824e-01   6.2427606e-01
  -1.7542135e-01  -1.9108276e-01  -5.9265191e-01   1.9341539e+00   6.6063324e-02  -8.1161809e-01   6.2187905e-01
  -1.6875058e-01  -1.9128354e-01  -5.9261262e-01   1.9369093e+00   7.6063324e-02  -8.0777142e-01   6.1934957e-01
  -1.6193700e-01  -1.9163244e-01  -5.9229503e-01   1.9394901e+00   8.6063324e-02  -8.0344328e-01   6.1695900e-01
  -1.5479329e-01  -1.9193622e-01  -5.9176293e-01   1.9419074e+00   9.6063324e-02  -7.9869868e-01   6.1446828e-01
  -1.4720414e-01  -1.9226755e-01  -5.9113907e-01   1.9442787e+00   1.0606332e-01  -7.9367789e-01   6.1178703e-01
  -1.3929529e-01  -1.9264248e-01  -5.9041746e-01   1.9465186e+00   1.1606332e-01  -7.8877606e-01   6.0903621e-01
  -1.3113074e-01  -1.9298927e-01  -5.8959874e-01   1.9486367e+00   1.2606332e-01  -7.8416561e-01   6.0623930e-01
  -1.2287434e-01  -1.9327323e-01  -5.8879490e-01   1.9506427e+00   1.3606332e-01  -7.8004803e-01   6.0343580e-01
  -1.1455668e-01  -1.9353041e-01  -5.8800156e-01   1.9524534e+00   1.4606332e-01  -7.7634777e-01   6.0064607e-01
  -1.0638561e-01  -1.9374736e-01  -5.8722366e-01   1.9540557e+00   1.5606332e-01  -7.7309116e-01   5.9798648e-01
  -9.8396194e-02  -1.9396974e-01  -5.8652612e-01   1.9555501e+00   1.6606332e-01  -7.7005604e-01   5.9543493e-01
  -9.0639875e-02  -1.9416081e-01  -5.8588271e-01   1.9568031e+00   1.7606332e-01  -7.6700278e-01   5.9297630e-01
  -8.2977180e-02  -1.9444044e-01  -5.8541528e-01   1.9579957e+00   1.8606332e-01  -7.6377735e-01   5.9049687e-01
  -7.5421951e-02  -1.9483198e-01  -5.8499459e-01   1.9591348e+00   1.9606332e-01  -7.6032581e-01   5.8808186e-01
  -6.7800288e-02  -1.9526988e-01  -5.8471402e-01   1.9601906e+00   2.0606332e-01  -7.5661300e-01   5.8553521e-01
  -6.0000508e-02  -1.9575267e-01  -5.8463041e-01   1.9613386e+00   2.1606332e-01  -7.5248200e-01   5.8274219e-01
  -5.2062254e-02  -1.9632765e-01  -5.8467285e-01   1.9624045e+00   2.2606332e-01  -7.4789919e-01   5.7977228e-01
  -4.4039153e-02  -1.9701366e-01  -5.8476921e-01   1.9634051e+00   2.3606332e-01  -7.4289084e-01   5.7671438e-01
  -3.6064267e-02  -1.9778653e-01  -5.8488354e-01   1.9643451e+00   2.4606332e-01  -7.3761103e-01   5.7368835e-01
  -2.8224817e-02  -1.9865565e-01  -5.8490684e-01   1.9651321e+00   2.5606332e-01  -7.3215789e-01   5.7082506e-01
  -2.0351598e-02  -1.9968416e-01  -5.8485640e-01   1.9658988e+00   2.6606332e-01  -7.2654721e-01   5.6805219e-01
  -1.2572856e-02  -2.0080188e-01  -5.8469829e-01   1.9666195e+00   2.7606332e-01  -7.2117548e-01   5.6551463e-01
  -4.6166142e-03  -2.0220005e-01  -5.8427940e-01   1.9674179e+00   2.8606332e-01  -7.1623349e-01   5.6326741e-01
   3.8868080e-03  -2.0395052e-01  -5.8361545e-01   1.9681820e+00   2.9606332e-01  -7.1155689e-01   5.6106677e-01
   1.3473227e-02  -2.0595367e-01  -5.8254859e-01   1.9685282e+00   3.0606332e-01  -7.0673885e-01   5.5852136e-01
   2.3473227e-02  -2.0808272e-01  -5.8063796e-01   1.9680934e+00   3.1580587e-01  -7.0194661e-01   5.5615990e-01
   3.3473227e-02  -2.1017586e-01  -5.7799865e-01   1.9664936e+00   3.2522762e-01  -6.9724765e-01   5.5405625e-01
   4.3473227e-02  -2.1221533e-01  -5.7471375e-01   1.9637769e+00   3.3441468e-01  -6.9241138e-01   5.5211997e-01
   5.3473227e-02  -2.1406272e-01  -5.7094904e-01   1.9597447e+00   3.4330936e-01  -6.8764131e-01   5.5021602e-01
   6.3473227e-02  -2.1556525e-01  -5.6739614e-01   1.9546684e+00   3.5186268e-01  -6.8224590e-01   5.4771046e-01
   7.3473227e-02  -2.1657061e-01  -5.6396264e-01   1.9481625e+00   3.6049736e-01  -6.7565265e-01   5.4454351e-01
   8.3473227e-02  -2.1753908e-01  -5.6048179e-01   1.9400463e+00   3.6891040e-01  -6.6755413e-01   5.4082378e-01
   9.3473227e-02  -2.1808320e-01  -5.5671355e-01   1.9297740e+00   3.7750177e-01  -6.5876822e-01   5.3684588e-01
   1.0209918e-01  -2.1832031e-01  -5.5304367e-01   1.9179911e+00   3.8605136e-01  -6.4876822e-01   5.3307735e-01
   1.0878245e-01  -2.1818784e-01  -5.4985281e-01   1.9040139e+00   3.9440404e-01  -6.3876822e-01   5.2985185e-01
   1.1491011e-01  -2.1704651e-01  -5.4768530e-01   1.8892148e+00   4.0208127e-01  -6.2876822e-01   5.2573237e-01
   1.1847018e-01  -2.1438017e-01  -5.4706916e-01   1.8719901e+00   4.0884076e-01  -6.1876822e-01   5.2119168e-01
   1.1881778e-01  -2.1070126e-01  -5.4739100e-01   1.8521518e+00   4.1614246e-01  -6.0876822e-01   5.1757503e-01
   1.1630255e-01  -2.0561942e-01  -5.4925364e-01   1.8284295e+00   4.2321095e-01  -5.9876822e-01   5.1381461e-01
   1.1379971e-01  -1.9986575e-01  -5.5306292e-01   1.8058580e+00   4.2838063e-01  -5.8876822e-01   5.0810032e-01
   1.1054712e-01  -1.9107370e-01  -5.5962856e-01   1.7791785e+00   4.3319835e-01  -5.7876822e-01   4.9963710e-01
   1.0752115e-01  -1.8107370e-01  -5.6716090e-01   1.7569994e+00   4.3312918e-01  -5.7359731e-01   4.9014275e-01
   1.0136140e-01  -1.8387718e-01  -5.6012893e-01   1.7529721e+00   4.3848218e-01  -5.7408482e-01   5.0014275e-01
   9.9382750e-02  -1.7387718e-01  -5.6977822e-01   1.7300552e+00   4.3311591e-01  -5.6915033e-01   4.8721963e-01
   9.2869889e-02  -1.7792918e-01  -5.6417353e-01   1.7278205e+00   4.3892414e-01  -5.6953615e-01   4.9721963e-01
   8.4989234e-02  -1.7074526e-01  -5.6683708e-01   1.7019324e+00   4.4328535e-01  -5.5953615e-01   4.9386535e-01
   7.5962502e-02  -1.6889636e-01  -5.7064137e-01   1.6871472e+00   4.4877077e-01  -5.4953615e-01   4.9342981e-01
   8.5962502e-02  -1.5962836e-01  -5.6788057e-01   1.6735691e+00   4.3585870e-01  -5.4623061e-01   4.8094149e-01
   7.3516857e-02  -1.6123602e-01  -5.7367822e-01   1.6685498e+00   4.4585870e-01  -5.3789383e-01   4.8476603e-01
   7.1091878e-02  -1.5521951e-01  -5.7809727e-01   1.6513713e+00   4.4240109e-01  -5.2789383e-01   4.7631118e-01
   6.3918140e-02  -1.4784560e-01  -5.8240706e-01   1.6309839e+00   4.3753267e-01  -5.1789383e-01   4.6928195e-01
   6.5957819e-02  -1.5087023e-01  -5.8722228e-01   1.6283110e+00   4.4753267e-01  -5.2892610e-01   4.7213777e-01
   5.9141781e-02  -1.4563495e-01  -5.8566286e-01   1.6165481e+00   4.4307501e-01  -5.1892610e-01   4.6990014e-01
   4.0640149e-02  -1.3589753e-01  -5.9163228e-01   1.5779614e+00   4.5209790e-01  -5.0892610e-01   4.6936973e-01
   4.5380337e-02  -1.3904502e-01  -5.8976289e-01   1.5879614e+00   4.4842030e-01  -5.1093373e-01   4.6953277e-01
   3.3674294e-02  -1.3160280e-01  -5.9630611e-01   1.5599682e+00   4.4920121e-01  -5.0093373e-01   4.6437248e-01
   3.1267002e-02  -1.2160280e-01  -6.0279217e-01   1.5622799e+00   4.0925842e-01  -5.0453991e-01   4.4821969e-01
   2.8573758e-02  -1.2358795e-01  -6.0116106e-01   1.5544636e+00   4.1925842e-01  -5.0140067e-01   4.5273233e-01
   7.5770932e-03  -1.2434219e-01  -6.0110059e-01   1.5128878e+00   4.2564176e-01  -4.9140067e-01   4.5977689e-01
  -3.1461103e-03  -1.1461081e-01  -6.0012428e-01   1.5228878e+00   3.8176794e-01  -5.0310966e-01   4.5395691e-01
  -3.9071098e-03  -1.1688815e-01  -5.9988117e-01   1.5144549e+00   3.9176794e-01  -4.9841442e-01   4.5634460e-01
  -1.4534590e-02  -1.2049160e-01  -5.9817355e-01   1.4919311e+00   3.9579225e-01  -4.8841442e-01   4.6112793e-01
  -4.6786075e-02  -1.1639553e-01  -5.8817355e-01   1.4621315e+00   3.3411856e-01  -4.8667143e-01   4.6270326e-01
  -4.1449414e-02  -1.1753610e-01  -5.8971817e-01   1.4668632e+00   3.4411856e-01  -4.8704855e-01   4.6263394e-01
  -3.7532800e-02  -1.1854902e-01  -5.9188013e-01   1.4693518e+00   3.5411856e-01  -4.8665756e-01   4.6250792e-01
  -4.2693538e-01  -1.3498000e-01  -6.0829372e-01   7.7212800e-01  -2.4689900e-01  -4.9077198e-01   4.4091762e-01
  -4.2379406e-01  -1.3682224e-01  -6.0799644e-01   7.8212800e-01  -2.4052105e-01  -4.9298216e-01   4.3729839e-01
  -4.2063277e-01  -1.3857606e-01  -6.0767158e-01   7.9212800e-01  -2.3404003e-01  -4.9511023e-01   4.3373795e-01
  -4.1744577e-01  -1.4024925e-01  -6.0730521e-01   8.0212800e-01  -2.2741622e-01  -4.9716980e-01   4.3023415e-01
  -4.1422263e-01  -1.4183543e-01  -6.0689658e-01   8.1212800e-01  -2.2067624e-01  -4.9910777e-01   4.2680070e-01
  -4.1095047e-01  -1.4332820e-01  -6.0645692e-01   8.2212800e-01  -2.1382669e-01  -5.0086695e-01   4.2342220e-01
  -4.0761737e-01  -1.4472194e-01  -6.0597248e-01   8.3212800e-01  -2.0680281e-01  -5.0243235e-01   4.2007986e-01
  -4.0421945e-01  -1.4601949e-01  -6.0545504e-01   8.4212800e-01  -1.9963533e-01  -5.0379176e-01   4.1677783e-01
  -4.0076851e-01  -1.4723216e-01  -6.0489158e-01   8.5212800e-01  -1.9235124e-01  -5.0495505e-01   4.1356084e-01
  -3.9726169e-01  -1.4833920e-01  -6.0427165e-01   8.6212800e-01  -1.8489941e-01  -5.0588733e-01   4.1041426e-01
  -3.9370111e-01  -1.4935787e-01  -6.0360135e-01   8.7212800e-01  -1.7725404e-01  -5.0659866e-01   4.0733169e-01
  -3.9007144e-01  -1.5028220e-01  -6.0287130e-01   8.8212800e-01  -1.6946802e-01  -5.0708556e-01   4.0434189e-01
  -3.8636748e-01  -1.5109386e-01  -6.0207461e-01   8.9212800e-01  -1.6148882e-01  -5.0728636e-01   4.0142968e-01
  -3.8259541e-01  -1.5180819e-01  -6.0121608e-01   9.0212800e-01  -1.5331492e-01  -5.0721867e-01   3.9860328e-01
  -3.7874099e-01  -1.5242847e-01  -6.0029580e-01   9.1212800e-01  -1.4497532e-01  -5.0685534e-01   3.9587399e-01
  -3.7481248e-01  -1.5293613e-01  -5.9931702e-01   9.2212800e-01  -1.3643165e-01  -5.0616606e-01   3.9322856e-01
  -3.7076731e-01  -1.5334639e-01  -5.9830056e-01   9.3212800e-01  -1.2771664e-01  -5.0515643e-01   3.9064393e-01
  -3.6663271e-01  -1.5364666e-01  -5.9723167e-01   9.4212800e-01  -1.1886483e-01  -5.0371598e-01   3.8816735e-01
  -3.6241193e-01  -1.5384086e-01  -5.9609176e-01   9.5212800e-01  -1.1005257e-01  -5.0183513e-01   3.8587643e-01
  -3.5808445e-01  -1.5393794e-01  -5.9487383e-01   9.6212800e-01  -1.0118311e-01  -4.9951097e-01   3.8374685e-01
  -3.5364354e-01  -1.5391989e-01  -5.9360648e-01   9.7212800e-01  -9.2190914e-02  -4.9673555e-01   3.8172458e-01
  -3.4897978e-01  -1.5388894e-01  -5.9217967e-01   9.8212800e-01  -8.2788120e-02  -4.9399384e-01   3.7985089e-01
  -3.4422896e-01  -1.5375422e-01  -5.9060588e-01   9.9212800e-01  -7.3298808e-02  -4.9114038e-01   3.7821207e-01
  -3.3944745e-01  -1.5355741e-01  -5.8894079e-01   1.0021280e+00  -6.3589247e-02  -4.8816507e-01   3.7676965e-01
  -3.3460998e-01  -1.5330514e-01  -5.8714597e-01   1.0121157e+00  -5.3589247e-02  -4.8504941e-01   3.7554635e-01
  -3.3015719e-01  -1.5275895e-01  -5.8527765e-01   1.0217079e+00  -4.3589247e-02  -4.8158628e-01   3.7462206e-01
  -3.2569014e-01  -1.5216107e-01  -5.8342830e-01   1.0311159e+00  -3.3589247e-02  -4.7804235e-01   3.7381188e-01
  -3.2120723e-01  -1.5151390e-01  -5.8159679e-01   1.0403447e+00  -2.3589247e-02  -4.7441793e-01   3.7311380e-01
  -3.1670696e-01  -1.5081977e-01  -5.7978205e-01   1.0493991e+00  -1.3589247e-02  -4.7071320e-01   3.7252589e-01
  -3.1218793e-01  -1.5008087e-01  -5.7798310e-01   1.0582832e+00  -3.5892471e-03  -4.6692822e-01   3.7204633e-01
  -3.0764881e-01  -1.4929931e-01  -5.7619900e-01   1.0670013e+00   6.4107529e-03  -4.6306293e-01   3.7167337e-01
  -3.0308835e-01  -1.4847708e-01  -5.7442893e-01   1.0755570e+00   1.6410753e-02  -4.5911717e-01   3.7140533e-01
  -2.9850536e-01  -1.4761611e-01  -5.7267210e-01   1.0839540e+00   2.6410753e-02  -4.5509071e-01   3.7124062e-01
  -2.9389872e-01  -1.4671824e-01  -5.7092783e-01   1.0921953e+00   3.6410753e-02  -4.5098323e-01   3.7117771e-01
  -2.8926736e-01  -1.4578523e-01  -5.6919550e-01   1.1002840e+00   4.6410753e-02  -4.4679433e-01   3.7121514e-01
  -2.8461028e-01  -1.4481878e-01  -5.6747459e-01   1.1082230e+00   5.6410753e-02  -4.4252356e-01   3.7135152e-01
  -2.7992651e-01  -1.4382051e-01  -5.6576463e-01   1.1160148e+00   6.6410753e-02  -4.3817039e-01   3.7158550e-01
  -2.7521512e-01  -1.4279197e-01  -5.6406527e-01   1.1236619e+00   7.6410753e-02  -4.3373427e-01   3.7191581e-01
  -2.7047522e-01  -1.4173467e-01  -5.6237620e-01   1.1311664e+00   8.6410753e-02  -4.2921457e-01   3.7234124e-01
  -2.6570596e-01  -1.4065004e-01  -5.6069724e-01   1.1385304e+00   9.6410753e-02  -4.2461062e-01   3.7286065e-01
  -2.6090650e-01  -1.3953947e-01  -5.5902826e-01   1.1457558e+00   1.0641075e-01  -4.1992171e-01   3.7347293e-01
  -2.5607603e-01  -1.3840428e-01  -5.5736922e-01   1.1528443e+00   1.1641075e-01  -4.1514709e-01   3.7417706e-01
  -2.5121377e-01  -1.3724575e-01  -5.5572017e-01   1.1597976e+00   1.2641075e-01  -4.1028597e-01   3.7497208e-01
  -2.4631894e-01  -1.3606509e-01  -5.5408126e-01   1.1666171e+00   1.3641075e-01  -4.0533751e-01   3.7585708e-01
  -2.4139077e-01  -1.3486348e-01  -5.5245269e-01   1.1733042e+00   1.4641075e-01  -4.0030083e-01   3.7683123e-01
  -2.3642850e-01  -1.3364204e-01  -5.5083477e-01   1.1798600e+00   1.5641075e-01  -3.9517501e-01   3.7789377e-01
  -2.3143139e-01  -1.3240184e-01  -5.4922788e-01   1.1862857e+00   1.6641075e-01  -3.8995910e-01   3.7904401e-01
  -2.2639866e-01  -1.3114391e-01  -5.4763250e-01   1.1925822e+00   1.7641075e-01  -3.8465206e-01   3.8028133e-01
  -2.2132956e-01  -1.2986924e-01  -5.4604918e-01   1.1987505e+00   1.8641075e-01  -3.7925284e-01   3.8160520e-01
  -2.1622331e-01  -1.2857875e-01  -5.4447855e-01   1.2047912e+00   1.9641075e-01  -3.7376031e-01   3.8301516e-01
  -2.1107913e-01  -1.2727332e-01  -5.4292134e-01   1.2107050e+00   2.0641075e-01  -3.6817328e-01   3.8451086e-01
  -2.0589622e-01  -1.2595382e-01  -5.4137833e-01   1.2164925e+00   2.1641075e-01  -3.6249046e-01   3.8609202e-01
  -2.0067375e-01  -1.2462104e-01  -5.3985041e-01   1.2221539e+00   2.2641075e-01  -3.5671050e-01   3.8775847e-01
  -1.9541089e-01  -1.2327575e-01  -5.3833854e-01   1.2276896e+00   2.3641075e-01  -3.5083191e-01   3.8951014e-01
  -1.9010675e-01  -1.2191867e-01  -5.3684374e-01   1.2330995e+00   2.4641075e-01  -3.4485309e-01   3.9134707e-01
  -1.8476046e-01  -1.2055050e-01  -5.3536712e-01   1.2383834e+00   2.5641075e-01  -3.3877226e-01   3.9326941e-01
  -1.7937106e-01  -1.1917191e-01  -5.3390988e-01   1.2435409e+00   2.6641075e-01  -3.3258740e-01   3.9527742e-01
  -1.7393762e-01  -1.1778357e-01  -5.3247327e-01   1.2485710e+00   2.7641075e-01  -3.2629620e-01   3.9737149e-01
  -1.6845915e-01  -1.1638615e-01  -5.3105861e-01   1.2534719e+00   2.8641075e-01  -3.1989588e-01   3.9955210e-01
  -1.6293467e-01  -1.1498039e-01  -5.2966730e-01   1.2582410e+00   2.9641075e-01  -3.1338289e-01   4.0181985e-01
  -1.5736323e-01  -1.1356721e-01  -5.2830075e-01   1.2628730e+00   3.0641075e-01  -3.0675225e-01   4.0417537e-01
  -1.5174405e-01  -1.1214807e-01  -5.2696036e-01   1.2673570e+00   3.1641075e-01  -2.9999548e-01   4.0661911e-01
  -1.4607727e-01  -1.1072680e-01  -5.2564689e-01   1.2716593e+00   3.2641075e-01  -2.9309036e-01   4.0915038e-01
  -1.4607727e-01  -1.1072680e-01  -5.2564689e-01   1.2716593e+00   3.2641075e-01  -2.9309036e-01   4.0915038e-01
  -1.4460568e-01  -1.1679494e-01  -5.2415900e-01   1.2816593e+00   3.2332885e-01  -2.9723238e-01   4.1009634e-01
  -1.4309870e-01  -1.2287300e-01  -5.2274494e-01   1.2916593e+00   3.2031196e-01  -3.0134369e-01   4.1103825e-01
  -1.4139128e-01  -1.2905579e-01  -5.2146432e-01   1.3016593e+00   3.1731927e-01  -3.0551980e-01   4.1190582e-01
  -1.3962930e-01  -1.3520583e-01  -5.2032400e-01   1.3116593e+00   3.1432908e-01  -3.0966693e-01   4.1269183e-01
  -1.3779171e-01  -1.4134951e-01  -5.1931870e-01   1.3216593e+00   3.1136119e-01  -3.1378768e-01   4.1340581e-01
  -1.3592797e-01  -1.4751095e-01  -5.1852754e-01   1.3316593e+00   3.0843670e-01  -3.1789850e-01   4.1404148e-01
  -1.3411833e-01  -1.5349821e-01  -5.1787573e-01   1.3416593e+00   3.0553502e-01  -3.2180394e-01   4.1458703e-01
  -1.3224645e-01  -1.5945358e-01  -5.1730600e-01   1.3516593e+00   3.0279573e-01  -3.2582704e-01   4.1516311e-01
  -1.3031704e-01  -1.6536720e-01  -5.1685961e-01   1.3616593e+00   3.0021095e-01  -3.3001729e-01   4.1575172e-01
  -1.2829855e-01  -1.7125350e-01  -5.1655905e-01   1.3716593e+00   2.9784565e-01  -3.3439940e-01   4.1636814e-01
  -1.2622816e-01  -1.7711416e-01  -5.1633432e-01   1.3816593e+00   2.9558045e-01  -3.3899065e-01   4.1700737e-01
  -1.2415190e-01  -1.8292572e-01  -5.1614997e-01   1.3916593e+00   2.9340773e-01  -3.4370466e-01   4.1768475e-01
  -1.2203656e-01  -1.8871194e-01  -5.1603561e-01   1.4016593e+00   2.9127284e-01  -3.4857538e-01   4.1835845e-01
  -1.1988252e-01  -1.9443127e-01  -5.1599680e-01   1.4116593e+00   2.8922013e-01  -3.5358071e-01   4.1903435e-01
  -1.1768601e-01  -2.0009013e-01  -5.1602921e-01   1.4216593e+00   2.8721382e-01  -3.5870994e-01   4.1969697e-01
  -1.1544660e-01  -2.0567810e-01  -5.1612972e-01   1.4316593e+00   2.8528812e-01  -3.6396566e-01   4.2036090e-01
  -1.1317812e-01  -2.1120265e-01  -5.1631876e-01   1.4416593e+00   2.8342828e-01  -3.6933589e-01   4.2101396e-01
  -1.1086514e-01  -2.1664863e-01  -5.1655020e-01   1.4516593e+00   2.8160134e-01  -3.7481247e-01   4.2165439e-01
  -1.0850927e-01  -2.2203084e-01  -5.1684602e-01   1.4616593e+00   2.7983147e-01  -3.8041212e-01   4.2228723e-01
  -1.0611307e-01  -2.2733900e-01  -5.1721126e-01   1.4716593e+00   2.7813238e-01  -3.8613576e-01   4.2291396e-01
  -1.0371447e-01  -2.3258165e-01  -5.1758293e-01   1.4816593e+00   2.7649795e-01  -3.9197939e-01   4.2358073e-01
  -1.0130049e-01  -2.3772472e-01  -5.1796102e-01   1.4916593e+00   2.7493789e-01  -3.9789123e-01   4.2427156e-01
  -9.8844072e-02  -2.4279072e-01  -5.1835456e-01   1.5016593e+00   2.7350494e-01  -4.0388853e-01   4.2500074e-01
  -9.6293274e-02  -2.4773854e-01  -5.1880163e-01   1.5116593e+00   2.7225181e-01  -4.0984197e-01   4.2572114e-01
  -9.3648282e-02  -2.5258199e-01  -5.1930982e-01   1.5216593e+00   2.7111768e-01  -4.1566766e-01   4.2639240e-01
  -9.0874165e-02  -2.5734803e-01  -5.1986327e-01   1.5316593e+00   2.7018679e-01  -4.2137740e-01   4.2704993e-01
  -8.7962111e-02  -2.6202189e-01  -5.2051855e-01   1.5416593e+00   2.6952076e-01  -4.2700674e-01   4.2768239e-01
  -8.4950142e-02  -2.6661281e-01  -5.2124571e-01   1.5516593e+00   2.6911800e-01  -4.3255143e-01   4.2832021e-01
  -8.1796272e-02  -2.7114625e-01  -5.2203186e-01   1.5616593e+00   2.6896889e-01  -4.3803793e-01   4.2895659e-01
  -7.8524036e-02  -2.7558825e-01  -5.2291653e-01   1.5716593e+00   2.6911051e-01  -4.4346583e-01   4.2958272e-01
  -7.5123780e-02  -2.7995752e-01  -5.2388578e-01   1.5816593e+00   2.6951505e-01  -4.4884289e-01   4.3019448e-01
  -7.1578550e-02  -2.8423676e-01  -5.2492093e-01   1.5916593e+00   2.7014914e-01  -4.5418687e-01   4.3077682e-01
  -6.7890220e-02  -2.8844322e-01  -5.2600738e-01   1.6016593e+00   2.7099055e-01  -4.5944778e-01   4.3132520e-01
  -6.4053682e-02  -2.9255524e-01  -5.2712348e-01   1.6116593e+00   2.7201748e-01  -4.6459010e-01   4.3182756e-01
  -6.0129870e-02  -2.9655928e-01  -5.2822110e-01   1.6216593e+00   2.7322975e-01  -4.6962868e-01   4.3233496e-01
  -5.6150803e-02  -3.0051126e-01  -5.2929246e-01   1.6316593e+00   2.7468259e-01  -4.7459910e-01   4.3290822e-01
  -5.2138066e-02  -3.0444849e-01  -5.3029980e-01   1.6416593e+00   2.7625497e-01  -4.7953103e-01   4.3354555e-01
  -4.8107471e-02  -3.0833321e-01  -5.3124155e-01   1.6516593e+00   2.7784246e-01  -4.8443112e-01   4.3420352e-01
  -4.4036705e-02  -3.1215473e-01  -5.3214600e-01   1.6616593e+00   2.7938119e-01  -4.8927129e-01   4.3482228e-01
  -3.9914734e-02  -3.1592078e-01  -5.3300744e-01   1.6716593e+00   2.8085784e-01  -4.9402736e-01   4.3539286e-01
  -3.5775183e-02  -3.1963415e-01  -5.3384195e-01   1.6816593e+00   2.8229617e-01  -4.9870204e-01   4.3593155e-01
  -3.1660678e-02  -3.2329999e-01  -5.3459035e-01   1.6916593e+00   2.8375443e-01  -5.0331063e-01   4.3652010e-01
  -2.7577387e-02  -3.2695699e-01  -5.3528696e-01   1.7016593e+00   2.8527162e-01  -5.0793566e-01   4.3718149e-01
  -2.3514320e-02  -3.3059778e-01  -5.3592755e-01   1.7116593e+00   2.8682297e-01  -5.1258867e-01   4.3790333e-01
  -1.9483527e-02  -3.3424417e-01  -5.3650844e-01   1.7216593e+00   2.8838291e-01  -5.1729697e-01   4.3869545e-01
  -1.5465098e-02  -3.3785438e-01  -5.3704969e-01   1.7316593e+00   2.8991019e-01  -5.2203367e-01   4.3950298e-01
  -1.1442154e-02  -3.4142894e-01  -5.3756166e-01   1.7416593e+00   2.9137822e-01  -5.2675349e-01   4.4029359e-01
  -7.4084425e-03  -3.4496444e-01  -5.3807444e-01   1.7516593e+00   2.9278024e-01  -5.3144086e-01   4.4103939e-01
  -3.3402352e-03  -3.4843146e-01  -5.3859339e-01   1.7616593e+00   2.9414617e-01  -5.3604631e-01   4.4171821e-01
   7.3359845e-04  -3.5185735e-01  -5.3912304e-01   1.7716593e+00   2.9549831e-01  -5.4057204e-01   4.4235893e-01
   4.7983834e-03  -3.5526429e-01  -5.3964071e-01   1.7816593e+00   2.9681359e-01  -5.4503749e-01   4.4298457e-01
   8.8199078e-03  -3.5867963e-01  -5.4008437e-01   1.7916593e+00   2.9815423e-01  -5.4944074e-01   4.4368291e-01
   1.2785847e-02  -3.6209336e-01  -5.4045155e-01   1.8016593e+00   2.9947313e-01  -5.5380322e-01   4.4444484e-01
   1.6722027e-02  -3.6549753e-01  -5.4075144e-01   1.8116593e+00   3.0081055e-01  -5.5817062e-01   4.4527269e-01
   2.0667416e-02  -3.6886533e-01  -5.4100596e-01   1.8216593e+00   3.0210707e-01  -5.6247736e-01   4.4608882e-01
   2.4696105e-02  -3.7220669e-01  -5.4122985e-01   1.8316593e+00   3.0335535e-01  -5.6673388e-01   4.4684718e-01
   2.8746464e-02  -3.7554832e-01  -5.4139328e-01   1.8416593e+00   3.0460920e-01  -5.7094906e-01   4.4762922e-01
   3.2764202e-02  -3.7890781e-01  -5.4151209e-01   1.8516593e+00   3.0589710e-01  -5.7515640e-01   4.4847717e-01
   3.6820423e-02  -3.8220114e-01  -5.4164149e-01   1.8616593e+00   3.0715673e-01  -5.7930887e-01   4.4925701e-01
   4.0856447e-02  -3.8546491e-01  -5.4181062e-01   1.8716593e+00   3.0833864e-01  -5.8354547e-01   4.5000327e-01
   4.4821126e-02  -3.8870532e-01  -5.4203741e-01   1.8816593e+00   3.0951242e-01  -5.8774705e-01   4.5073726e-01
   4.8685152e-02  -3.9190042e-01  -5.4230220e-01   1.8916593e+00   3.1068378e-01  -5.9205770e-01   4.5151165e-01
   5.2439546e-02  -3.9511826e-01  -5.4257401e-01   1.9016593e+00   3.1181047e-01  -5.9644910e-01   4.5235386e-01
   5.6073853e-02  -3.9833507e-01  -5.4285375e-01   1.9116593e+00   3.1295037e-01  -6.0087604e-01   4.5327433e-01
   5.9586702e-02  -4.0150344e-01  -5.4326684e-01   1.9216593e+00   3.1410732e-01  -6.0519817e-01   4.5415079e-01
   6.3019476e-02  -4.0461793e-01  -5.4384225e-01   1.9316593e+00   3.1529171e-01  -6.0945395e-01   4.5495225e-01
   6.6308300e-02  -4.0765247e-01  -5.4460743e-01   1.9416593e+00   3.1646736e-01  -6.1360890e-01   4.5566760e-01
   6.9423822e-02  -4.1059825e-01  -5.4558708e-01   1.9516593e+00   3.1765904e-01  -6.1769745e-01   4.5631213e-01
   7.2294998e-02  -4.1344767e-01  -5.4667967e-01   1.9616593e+00   3.1891476e-01  -6.2175154e-01   4.5701474e-01
   7.4901269e-02  -4.1615033e-01  -5.4782731e-01   1.9716593e+00   3.2004415e-01  -6.2580127e-01   4.5774199e-01
   7.7247964e-02  -4.1871941e-01  -5.4901525e-01   1.9816593e+00   3.2091185e-01  -6.2988323e-01   4.5846278e-01
   7.9435569e-02  -4.2121347e-01  -5.5020414e-01   1.9916593e+00   3.2155170e-01  -6.3402020e-01   4.5918376e-01
   8.1384429e-02  -4.2362849e-01  -5.5136657e-01   2.0016593e+00   3.2189229e-01  -6.3835684e-01   4.5997338e-01
   8.3145368e-02  -4.2597701e-01  -5.5250754e-01   2.0116593e+00   3.2194628e-01  -6.4287183e-01   4.6080395e-01
   8.4675872e-02  -4.2827163e-01  -5.5359105e-01   2.0216593e+00   3.2169204e-01  -6.4761599e-01   4.6173250e-01
   8.5975594e-02  -4.3050907e-01  -5.5461609e-01   2.0316593e+00   3.2117832e-01  -6.5260584e-01   4.6278201e-01
   8.6994073e-02  -4.3269574e-01  -5.5555387e-01   2.0416593e+00   3.2036677e-01  -6.5786146e-01   4.6399514e-01
   8.7711817e-02  -4.3485591e-01  -5.5639187e-01   2.0516593e+00   3.1924096e-01  -6.6340549e-01   4.6540186e-01
   8.8113625e-02  -4.3697014e-01  -5.5714206e-01   2.0616593e+00   3.1775320e-01  -6.6917684e-01   4.6696629e-01
   8.8207890e-02  -4.3901536e-01  -5.5783234e-01   2.0716593e+00   3.1583889e-01  -6.7519040e-01   4.6863757e-01
   8.7962987e-02  -4.4099880e-01  -5.5842846e-01   2.0816593e+00   3.1348275e-01  -6.8143495e-01   4.7045360e-01
   8.7506177e-02  -4.4293950e-01  -5.5899691e-01   2.0916593e+00   3.1081678e-01  -6.8778848e-01   4.7232320e-01
   8.6684883e-02  -4.4482696e-01  -5.5952315e-01   2.1016593e+00   3.0768480e-01  -6.9427611e-01   4.7429471e-01
   8.5485464e-02  -4.4666148e-01  -5.6003963e-01   2.1116593e+00   3.0410920e-01  -7.0083212e-01   4.7635006e-01
   8.3921424e-02  -4.4843423e-01  -5.6056344e-01   2.1216593e+00   3.0018369e-01  -7.0745030e-01   4.7850044e-01
   8.1988435e-02  -4.5015640e-01  -5.6110679e-01   2.1316593e+00   2.9590937e-01  -7.1413676e-01   4.8074798e-01
   7.9661374e-02  -4.5181592e-01  -5.6171253e-01   2.1416593e+00   2.9130004e-01  -7.2095024e-01   4.8309536e-01
   7.6931032e-02  -4.5338562e-01  -5.6238071e-01   2.1516593e+00   2.8635742e-01  -7.2794918e-01   4.8555282e-01
   7.3799101e-02  -4.5488346e-01  -5.6312495e-01   2.1616593e+00   2.8111214e-01  -7.3525745e-01   4.8815865e-01
   7.0264802e-02  -4.5633640e-01  -5.6399441e-01   2.1716593e+00   2.7548543e-01  -7.4293980e-01   4.9088076e-01
   6.6324522e-02  -4.5765046e-01  -5.6498708e-01   2.1816593e+00   2.6934953e-01  -7.5109059e-01   4.9366164e-01
   6.1881730e-02  -4.5891766e-01  -5.6603147e-01   2.1916593e+00   2.6264523e-01  -7.5971653e-01   4.9663253e-01
   5.6944858e-02  -4.6013575e-01  -5.6717602e-01   2.2016593e+00   2.5529558e-01  -7.6882944e-01   4.9973414e-01
   5.1602125e-02  -4.6125676e-01  -5.6833639e-01   2.2116593e+00   2.4738500e-01  -7.7832422e-01   5.0295456e-01
   4.5839861e-02  -4.6233974e-01  -5.6961255e-01   2.2216593e+00   2.3885705e-01  -7.8817814e-01   5.0623992e-01
   3.9566450e-02  -4.6332306e-01  -5.7087675e-01   2.2316593e+00   2.2962819e-01  -7.9842962e-01   5.0969106e-01
   3.2868050e-02  -4.6420811e-01  -5.7222029e-01   2.2416593e+00   2.1973819e-01  -8.0907634e-01   5.1320601e-01
   2.5548314e-02  -4.6498536e-01  -5.7369305e-01   2.2516593e+00   2.0894142e-01  -8.2014227e-01   5.1680467e-01
   1.7605313e-02  -4.6569653e-01  -5.7523476e-01   2.2616593e+00   1.9719791e-01  -8.3168840e-01   5.2054829e-01
   8.9846846e-03  -4.6627828e-01  -5.7695779e-01   2.2716593e+00   1.8452440e-01  -8.4378197e-01   5.2439218e-01
  -4.2978165e-04  -4.6672093e-01  -5.7873076e-01   2.2816593e+00   1.7063392e-01  -8.5648554e-01   5.2842296e-01
  -1.0747998e-02  -4.6699073e-01  -5.8072590e-01   2.2916593e+00   1.5548328e-01  -8.6985693e-01   5.3258721e-01
  -2.2046282e-02  -4.6704662e-01  -5.8289413e-01   2.3016593e+00   1.3877682e-01  -8.8403956e-01   5.3688967e-01
  -3.4918453e-02  -4.6696296e-01  -5.8532660e-01   2.3116593e+00   1.1976581e-01  -8.9945977e-01   5.4156521e-01
  -4.9929279e-02  -4.6648170e-01  -5.8816084e-01   2.3216593e+00   9.8036460e-02  -9.1658603e-01   5.4675470e-01
  -6.7454866e-02  -4.6541486e-01  -5.9144878e-01   2.3316593e+00   7.2713435e-02  -9.3591697e-01   5.5243556e-01
  -8.9214673e-02  -4.6369623e-01  -5.9574457e-01   2.3416593e+00   4.1461857e-02  -9.5926652e-01   5.5901504e-01
  -1.1913528e-01  -4.6059116e-01  -6.0178330e-01   2.3516593e+00  -9.1476274e-04  -9.8985290e-01   5.6748101e-01
  -1.6148215e-01  -4.5395476e-01  -6.1132806e-01   2.3588684e+00  -5.9961790e-02  -1.0298268e+00   5.7748101e-01
  -2.1351061e-01  -4.4395476e-01  -6.2484032e-01   2.3536030e+00  -1.3277550e-01  -1.0696568e+00   5.8714362e-01
  -2.3891500e-01  -4.3716264e-01  -6.2457424e-01   2.3242493e+00  -1.5951759e-01  -1.0637134e+00   5.9714362e-01
  -2.2891500e-01  -4.4185443e-01  -6.2607850e-01   2.3338474e+00  -1.5113903e-01  -1.0691344e+00   5.9239831e-01
  -2.4897213e-01  -4.3185443e-01  -6.2281752e-01   2.3050632e+00  -1.7266118e-01  -1.0684754e+00   5.9922705e-01
  -2.4376007e-01  -4.3660407e-01  -6.2713987e-01   2.3099408e+00  -1.6266118e-01  -1.0677682e+00   5.9638000e-01
  -2.5264511e-01  -4.2660407e-01  -6.2392013e-01   2.2829956e+00  -1.7390781e-01  -1.0679035e+00   5.9620648e-01
  -2.4832124e-01  -4.2972410e-01  -6.2997631e-01   2.2810139e+00  -1.6390781e-01  -1.0607197e+00   5.9195271e-01
  -2.5412310e-01  -4.1972410e-01  -6.2440603e-01   2.2586415e+00  -1.7060976e-01  -1.0535116e+00   5.9290676e-01
  -2.5094946e-01  -4.2240573e-01  -6.2995820e-01   2.2558152e+00  -1.6612414e-01  -1.0435116e+00   5.8944425e-01
  -2.5151509e-01  -4.2096007e-01  -6.2954626e-01   2.2467159e+00  -1.6534076e-01  -1.0335116e+00   5.8981965e-01
  -2.5168630e-01  -4.1952853e-01  -6.2828462e-01   2.2354141e+00  -1.6440255e-01  -1.0235116e+00   5.9033965e-01
  -2.5240056e-01  -4.1906332e-01  -6.2577456e-01   2.2198013e+00  -1.6293122e-01  -1.0135116e+00   5.9236336e-01
  -2.5600421e-01  -4.1385257e-01  -6.2076237e-01   2.1830732e+00  -1.5293122e-01  -1.0091758e+00   5.9406321e-01
  -2.5453407e-01  -4.1554664e-01  -6.2189122e-01   2.1930732e+00  -1.5592102e-01  -1.0082105e+00   5.9380496e-01
  -2.5478220e-01  -4.1749578e-01  -6.2356331e-01   2.1881608e+00  -1.5127936e-01  -9.9821055e-01   5.9492884e-01
  -2.5864021e-01  -4.1157374e-01  -6.2335095e-01   2.1638714e+00  -1.4830122e-01  -9.8821055e-01   5.9390907e-01
  -2.5199871e-01  -4.3041608e-01  -6.2476778e-01   2.1738714e+00  -1.5284674e-01  -9.8835115e-01   5.9876748e-01
  -2.5562007e-01  -4.2041608e-01  -6.2530350e-01   2.1614944e+00  -1.5041623e-01  -9.8486955e-01   5.9509737e-01
  -2.5978916e-01  -4.1511900e-01  -6.2703714e-01   2.1443197e+00  -1.4919579e-01  -9.7486955e-01   5.9362396e-01
  -2.6141845e-01  -4.1454047e-01  -6.2884058e-01   2.1283657e+00  -1.4907933e-01  -9.6486955e-01   5.9282589e-01
  -2.6225976e-01  -4.1557500e-01  -6.3080314e-01   2.1186932e+00  -1.5000743e-01  -9.5486955e-01   5.9264239e-01
  -2.6411916e-01  -4.1481194e-01  -6.3140243e-01   2.1077200e+00  -1.4933927e-01  -9.4486955e-01   5.9324509e-01
  -2.6721309e-01  -4.1428622e-01  -6.3045407e-01   2.0912361e+00  -1.4926451e-01  -9.3486955e-01   5.9543549e-01
  -2.7012118e-01  -4.1134035e-01  -6.3061917e-01   2.0776824e+00  -1.4792361e-01  -9.2486955e-01   5.9575327e-01
  -2.7242738e-01  -4.0971987e-01  -6.2375186e-01   2.0608793e+00  -1.5015029e-01  -9.1486955e-01   6.0086412e-01
  -2.8822868e-01  -3.9971987e-01  -6.6681835e-01   2.0656847e+00  -1.5145292e-01  -9.2917133e-01   5.7346151e-01
  -2.8528683e-01  -4.0179488e-01  -6.5681835e-01   2.0617196e+00  -1.5090100e-01  -9.2495913e-01   5.8005290e-01
  -2.8305415e-01  -4.0221416e-01  -6.4681835e-01   2.0536877e+00  -1.5033460e-01  -9.1992960e-01   5.8595967e-01
  -2.8197341e-01  -4.0113014e-01  -6.3681835e-01   2.0389170e+00  -1.5013148e-01  -9.1217719e-01   5.9153658e-01
  -2.8659153e-01  -3.9696061e-01  -6.2839598e-01   2.0154506e+00  -1.5181337e-01  -9.0217719e-01   5.9755253e-01
  -2.9466445e-01  -3.8696061e-01  -6.2293320e-01   1.9866846e+00  -1.5813462e-01  -8.9977377e-01   5.9912343e-01
  -2.9384538e-01  -3.9013324e-01  -6.2777654e-01   1.9966846e+00  -1.5804904e-01  -9.0366533e-01   5.9698508e-01
  -3.0127805e-01  -3.8013324e-01  -6.2381239e-01   1.9714034e+00  -1.6794292e-01  -8.9703135e-01   5.9755585e-01
  -3.0517625e-01  -3.9695446e-01  -6.3233465e-01   1.9814034e+00  -1.7828972e-01  -9.0332535e-01   6.0195401e-01
  -3.0684912e-01  -3.8695446e-01  -6.2795204e-01   1.9701885e+00  -1.7785945e-01  -9.0023585e-01   6.0058305e-01
  -3.1377196e-01  -3.7695446e-01  -6.2327672e-01   1.9519757e+00  -1.9227142e-01  -8.9233023e-01   6.0207271e-01
  -3.4195113e-01  -4.0525016e-01  -6.4639318e-01   1.9510059e+00  -3.0447597e-01  -8.8693850e-01   6.1207271e-01
  -3.3961919e-01  -4.0245844e-01  -6.4414680e-01   1.9509701e+00  -2.9447597e-01  -8.8757267e-01   6.1106251e-01
  -3.3738839e-01  -3.9913092e-01  -6.4153235e-01   1.9503068e+00  -2.8447597e-01  -8.8815176e-01   6.1009633e-01
  -3.3530967e-01  -3.9492105e-01  -6.3842063e-01   1.9492251e+00  -2.7447597e-01  -8.8894321e-01   6.0908006e-01
  -3.3224482e-01  -3.8944812e-01  -6.3409273e-01   1.9472217e+00  -2.6447597e-01  -8.8789959e-01   6.0795893e-01
  -3.2876950e-01  -3.8019647e-01  -6.2731539e-01   1.9407688e+00  -2.5624481e-01  -8.7789959e-01   6.0769037e-01
  -3.2751128e-01  -3.7758208e-01  -6.2529156e-01   1.9355255e+00  -2.5808843e-01  -8.6789959e-01   6.0828496e-01
  -3.2792818e-01  -3.7695461e-01  -6.2536683e-01   1.9308352e+00  -2.6655712e-01  -8.5789959e-01   6.0900205e-01
  -3.3310130e-01  -3.8168691e-01  -6.3216654e-01   1.9338534e+00  -2.9333830e-01  -8.4789959e-01   6.0970088e-01
  -3.3116616e-01  -3.7990497e-01  -6.2964480e-01   1.9327521e+00  -2.8333830e-01  -8.5163534e-01   6.0943059e-01
  -3.2923147e-01  -3.7814345e-01  -6.2709358e-01   1.9315809e+00  -2.7333830e-01  -8.5535052e-01   6.0918839e-01
