  -5.4302920e-01  -2.2166022e-01   1.4419419e-01   9.5528654e-01   9.5490304e-02   1.1274759e-01  -1.6298546e-01
  -5.5105626e-01  -2.2418611e-01   1.4191630e-01   9.6429105e-01   9.2133379e-02   1.2274759e-01  -1.6720353e-01
  -5.4105626e-01  -2.2243132e-01   1.4594476e-01   9.5624751e-01   9.6392652e-02   1.0683608e-01  -1.6197084e-01
  -5.3105626e-01  -2.2181104e-01   1.4377962e-01   9.6338336e-01   9.3636291e-02   9.1665735e-02  -1.6360796e-01
  -5.4805676e-01  -2.2476243e-01   1.5369149e-01   9.5079715e-01   1.0363629e-01   7.4331360e-02  -1.5545927e-01
  -5.3805676e-01  -2.2228476e-01   1.4667080e-01   9.5957113e-01   9.6807858e-02   7.5952320e-02  -1.6134719e-01
  -5.3749946e-01  -2.1836720e-01   1.4673512e-01   9.6957113e-01   1.0074649e-01   7.2579145e-02  -1.5675883e-01
  -5.2749946e-01  -2.3355148e-01   1.3714932e-01   9.4525097e-01   1.0661979e-01  -1.7447341e-01  -1.4751105e-01
  -5.2802602e-01  -2.3292129e-01   1.3770102e-01   9.4650585e-01   1.0605772e-01  -1.6447341e-01  -1.4770518e-01
  -5.2852398e-01  -2.3227037e-01   1.3824588e-01   9.4788656e-01   1.0554154e-01  -1.5447341e-01  -1.4790425e-01
  -5.2903603e-01  -2.3150567e-01   1.3881518e-01   9.4961633e-01   1.0500141e-01  -1.4447341e-01  -1.4812454e-01
  -5.2951148e-01  -2.3071640e-01   1.3943234e-01   9.5173370e-01   1.0445347e-01  -1.3447341e-01  -1.4836339e-01
  -5.3000627e-01  -2.2979506e-01   1.3997107e-01   9.5443944e-01   1.0389683e-01  -1.2447341e-01  -1.4865160e-01
  -5.3046053e-01  -2.2870467e-01   1.4059081e-01   9.5801397e-01   1.0327956e-01  -1.1447341e-01  -1.4898185e-01
  -5.3094221e-01  -2.2753292e-01   1.4118185e-01   9.6250189e-01   1.0258716e-01  -1.0447341e-01  -1.4939343e-01
  -5.3137728e-01  -2.2608606e-01   1.4189729e-01   9.6939371e-01   1.0172927e-01  -9.4473407e-02  -1.4991974e-01
  -5.3165880e-01  -2.2423460e-01   1.4253097e-01   9.7939371e-01   1.0073905e-01  -8.6307840e-02  -1.5057315e-01
  -5.3173996e-01  -2.2293851e-01   1.4283434e-01   9.8939371e-01   9.9991415e-02  -8.2333756e-02  -1.5110178e-01
  -5.3164695e-01  -2.2198571e-01   1.4299371e-01   9.9939371e-01   9.9326125e-02  -8.2502276e-02  -1.5156296e-01
  -5.3137386e-01  -2.2109841e-01   1.4328431e-01   1.0093937e+00   9.8869031e-02  -8.7101488e-02  -1.5178235e-01
  -5.3093970e-01  -2.2046229e-01   1.4320018e-01   1.0193937e+00   9.8521202e-02  -9.5068390e-02  -1.5195817e-01
  -5.3012247e-01  -2.2018209e-01   1.4296146e-01   1.0293937e+00   9.8255711e-02  -1.0658712e-01  -1.5210092e-01
  -5.2903347e-01  -2.2024401e-01   1.4282555e-01   1.0393937e+00   9.8344742e-02  -1.2057612e-01  -1.5195824e-01
  -5.2828955e-01  -2.2023074e-01   1.4250326e-01   1.0493937e+00   9.8662751e-02  -1.3884831e-01  -1.5156860e-01
  -5.2686518e-01  -2.2025173e-01   1.4237056e-01   1.0593937e+00   9.9454441e-02  -1.6270792e-01  -1.5081373e-01
  -5.2373073e-01  -2.1946865e-01   1.4128687e-01   1.0693937e+00   9.9544598e-02  -1.7403644e-01  -1.5151633e-01
  -5.2406304e-01  -2.2179407e-01   1.4116876e-01   1.0793937e+00   9.9079038e-02  -2.0743909e-01  -1.5108568e-01
  -5.2164186e-01  -2.2089244e-01   1.4062415e-01   1.0825675e+00   1.0019521e-01  -1.9743909e-01  -1.5155138e-01
  -5.2038285e-01  -2.2065687e-01   1.3948704e-01   1.0925675e+00   1.0179885e-01  -2.1922320e-01  -1.5081296e-01
  -5.1902323e-01  -2.2199698e-01   1.4161073e-01   1.1025675e+00   9.9924440e-02  -2.2852509e-01  -1.5114173e-01
  -5.1588829e-01  -2.2164146e-01   1.3789181e-01   1.1125675e+00   1.0305756e-01  -2.5222216e-01  -1.5134921e-01
  -5.1697719e-01  -2.2243808e-01   1.4645183e-01   1.1225675e+00   9.8239590e-02  -2.5125624e-01  -1.4936022e-01
  -5.1275586e-01  -2.2214310e-01   1.3193515e-01   1.1243630e+00   1.0823959e-01  -2.7918514e-01  -1.5171828e-01
  -5.1357585e-01  -2.2235508e-01   1.4000346e-01   1.1343630e+00   1.0242296e-01  -2.7869104e-01  -1.4988906e-01
  -5.1173875e-01  -2.2289651e-01   1.3836527e-01   1.1443630e+00   1.0364656e-01  -2.9915459e-01  -1.5020959e-01
  -5.1073137e-01  -2.2204792e-01   1.3828619e-01   1.1543630e+00   1.0255003e-01  -3.1443304e-01  -1.5056503e-01
  -5.1286331e-01  -2.2627677e-01   1.3811158e-01   1.1643630e+00   1.0938013e-01  -3.3939483e-01  -1.4649473e-01
  -5.1005573e-01  -2.2245066e-01   1.3822216e-01   1.1625676e+00   1.0342826e-01  -3.2939483e-01  -1.4988672e-01
  -5.0819152e-01  -2.2259750e-01   1.3804420e-01   1.1725676e+00   1.0464638e-01  -3.4703889e-01  -1.4966005e-01
  -5.0847148e-01  -2.2309865e-01   1.3651559e-01   1.1825676e+00   1.0442334e-01  -3.6490749e-01  -1.4999713e-01
  -5.0430037e-01  -2.2363885e-01   1.3987457e-01   1.1925676e+00   1.0329064e-01  -3.8018674e-01  -1.4946558e-01
  -5.2289653e-01  -2.1632627e-01   1.0687770e-01   1.1839636e+00   1.1329064e-01  -4.1991004e-01  -1.5774453e-01
  -5.1682294e-01  -2.1891932e-01   1.1687770e-01   1.1901249e+00   1.1008710e-01  -4.1271058e-01  -1.5468982e-01
  -5.1016285e-01  -2.2147689e-01   1.2687770e-01   1.1988820e+00   1.0715669e-01  -4.1201753e-01  -1.5170944e-01
  -5.0625458e-01  -2.2408939e-01   1.3185477e-01   1.2088820e+00   1.0563335e-01  -4.1930003e-01  -1.5038543e-01
  -5.0356164e-01  -2.2574140e-01   1.3425502e-01   1.2188820e+00   1.0571935e-01  -4.3363960e-01  -1.4950541e-01
  -5.0155772e-01  -2.2691346e-01   1.3505756e-01   1.2288820e+00   1.0526074e-01  -4.4897681e-01  -1.4949770e-01
  -4.9955698e-01  -2.2745720e-01   1.3538420e-01   1.2388820e+00   1.0561670e-01  -4.6195676e-01  -1.4972969e-01
  -4.9888105e-01  -2.2924897e-01   1.3530388e-01   1.2488820e+00   1.0528953e-01  -4.7679504e-01  -1.4976312e-01
  -4.9710501e-01  -2.3150297e-01   1.3522504e-01   1.2588820e+00   1.0640326e-01  -4.8673445e-01  -1.5041024e-01
  -4.9555619e-01  -2.3394951e-01   1.3550077e-01   1.2688820e+00   1.0660189e-01  -4.9730285e-01  -1.5082220e-01
  -4.9412447e-01  -2.3660384e-01   1.3558951e-01   1.2788820e+00   1.0686121e-01  -5.0718484e-01  -1.5137863e-01
  -4.9298251e-01  -2.3863284e-01   1.3611401e-01   1.2888820e+00   1.0694668e-01  -5.1608197e-01  -1.5145785e-01
  -4.9146640e-01  -2.4166732e-01   1.3629891e-01   1.2988820e+00   1.0722984e-01  -5.2520712e-01  -1.5208495e-01
  -4.9021078e-01  -2.4407492e-01   1.3677459e-01   1.3088820e+00   1.0777691e-01  -5.3321969e-01  -1.5230140e-01
  -4.8894870e-01  -2.4751158e-01   1.3739428e-01   1.3188820e+00   1.0814184e-01  -5.4119574e-01  -1.5254519e-01
  -4.8793723e-01  -2.5045549e-01   1.3772965e-01   1.3288820e+00   1.0862600e-01  -5.4817557e-01  -1.5287792e-01
  -4.8682418e-01  -2.5422320e-01   1.3803533e-01   1.3388820e+00   1.0909588e-01  -5.5518737e-01  -1.5338782e-01
  -4.8591996e-01  -2.5750081e-01   1.3811912e-01   1.3488820e+00   1.0990340e-01  -5.6184813e-01  -1.5389096e-01
  -4.8506352e-01  -2.6109643e-01   1.3834654e-01   1.3588820e+00   1.1028065e-01  -5.6787252e-01  -1.5437900e-01
  -4.8403316e-01  -2.6468071e-01   1.3885862e-01   1.3688820e+00   1.1115655e-01  -5.7353018e-01  -1.5469961e-01
  -4.8307412e-01  -2.6824834e-01   1.3923632e-01   1.3788820e+00   1.1223328e-01  -5.7925664e-01  -1.5506259e-01
  -4.8230724e-01  -2.7187603e-01   1.3940267e-01   1.3888820e+00   1.1349493e-01  -5.8454624e-01  -1.5550160e-01
  -4.8162269e-01  -2.7540614e-01   1.3959938e-01   1.3988820e+00   1.1465869e-01  -5.8930162e-01  -1.5590234e-01
  -4.8092890e-01  -2.7904895e-01   1.3985705e-01   1.4088820e+00   1.1588968e-01  -5.9408442e-01  -1.5625998e-01
  -4.8031666e-01  -2.8265941e-01   1.4010451e-01   1.4188820e+00   1.1728989e-01  -5.9895330e-01  -1.5654486e-01
  -4.7969543e-01  -2.8634555e-01   1.4038860e-01   1.4288820e+00   1.1873011e-01  -6.0373436e-01  -1.5681369e-01
  -4.7905046e-01  -2.9002650e-01   1.4063509e-01   1.4388820e+00   1.2015026e-01  -6.0856738e-01  -1.5712624e-01
  -4.7841799e-01  -2.9374026e-01   1.4092028e-01   1.4488820e+00   1.2170246e-01  -6.1341024e-01  -1.5738410e-01
  -4.7776655e-01  -2.9744064e-01   1.4116590e-01   1.4588820e+00   1.2327439e-01  -6.1842566e-01  -1.5766914e-01
  -4.7713577e-01  -3.0111948e-01   1.4140566e-01   1.4688820e+00   1.2490066e-01  -6.2377929e-01  -1.5790944e-01
  -4.7646356e-01  -3.0479051e-01   1.4162393e-01   1.4788820e+00   1.2646327e-01  -6.2935117e-01  -1.5818359e-01
  -4.7577174e-01  -3.0847472e-01   1.4179223e-01   1.4888820e+00   1.2806623e-01  -6.3511332e-01  -1.5849388e-01
  -4.7507922e-01  -3.1210503e-01   1.4198175e-01   1.4988820e+00   1.2975220e-01  -6.4116848e-01  -1.5874589e-01
  -4.7439921e-01  -3.1573657e-01   1.4214284e-01   1.5088820e+00   1.3151228e-01  -6.4734178e-01  -1.5899515e-01
  -4.7368294e-01  -3.1951630e-01   1.4232437e-01   1.5188820e+00   1.3325758e-01  -6.5375554e-01  -1.5924999e-01
  -4.7289302e-01  -3.2332190e-01   1.4251266e-01   1.5288820e+00   1.3512124e-01  -6.6028946e-01  -1.5952762e-01
  -4.7203942e-01  -3.2699089e-01   1.4266271e-01   1.5388820e+00   1.3700756e-01  -6.6674779e-01  -1.5986894e-01
  -4.7110355e-01  -3.3059999e-01   1.4271016e-01   1.5488820e+00   1.3891283e-01  -6.7321772e-01  -1.6034440e-01
  -4.7017405e-01  -3.3421199e-01   1.4272544e-01   1.5588820e+00   1.4089532e-01  -6.7955091e-01  -1.6084802e-01
  -4.6920158e-01  -3.3770963e-01   1.4279469e-01   1.5688820e+00   1.4295966e-01  -6.8582393e-01  -1.6131640e-01
  -4.6825962e-01  -3.4115434e-01   1.4293185e-01   1.5788820e+00   1.4501707e-01  -6.9199720e-01  -1.6170741e-01
  -4.6730099e-01  -3.4458365e-01   1.4305559e-01   1.5888820e+00   1.4711622e-01  -6.9800567e-01  -1.6213050e-01
  -4.6633798e-01  -3.4800044e-01   1.4315703e-01   1.5988820e+00   1.4927454e-01  -7.0391458e-01  -1.6257666e-01
  -4.6534260e-01  -3.5137579e-01   1.4335970e-01   1.6088820e+00   1.5140946e-01  -7.0968487e-01  -1.6296621e-01
  -4.6428353e-01  -3.5469522e-01   1.4356812e-01   1.6188820e+00   1.5361795e-01  -7.1535017e-01  -1.6339013e-01
  -4.6316364e-01  -3.5797841e-01   1.4381335e-01   1.6288820e+00   1.5587689e-01  -7.2092683e-01  -1.6382241e-01
  -4.6205494e-01  -3.6123112e-01   1.4404951e-01   1.6388820e+00   1.5812838e-01  -7.2659169e-01  -1.6423905e-01
  -4.6090033e-01  -3.6438107e-01   1.4430252e-01   1.6488820e+00   1.6045529e-01  -7.3221825e-01  -1.6465448e-01
  -4.5964621e-01  -3.6757927e-01   1.4457700e-01   1.6588820e+00   1.6281101e-01  -7.3775648e-01  -1.6513430e-01
  -4.5830983e-01  -3.7064158e-01   1.4489241e-01   1.6688820e+00   1.6520865e-01  -7.4332774e-01  -1.6560927e-01
  -4.5694186e-01  -3.7364179e-01   1.4521487e-01   1.6788820e+00   1.6762053e-01  -7.4888111e-01  -1.6609092e-01
  -4.5550244e-01  -3.7661932e-01   1.4560458e-01   1.6888820e+00   1.7011887e-01  -7.5454246e-01  -1.6653829e-01
  -4.5398721e-01  -3.7953925e-01   1.4598442e-01   1.6988820e+00   1.7268467e-01  -7.6023013e-01  -1.6703069e-01
  -4.5237246e-01  -3.8237620e-01   1.4644722e-01   1.7088820e+00   1.7542497e-01  -7.6599435e-01  -1.6748287e-01
  -4.5066641e-01  -3.8516863e-01   1.4696760e-01   1.7188820e+00   1.7830501e-01  -7.7186180e-01  -1.6791675e-01
  -4.4882107e-01  -3.8788043e-01   1.4748974e-01   1.7288820e+00   1.8134450e-01  -7.7777754e-01  -1.6841925e-01
  -4.4683488e-01  -3.9052007e-01   1.4801178e-01   1.7388820e+00   1.8461774e-01  -7.8390078e-01  -1.6896614e-01
  -4.4474977e-01  -3.9305502e-01   1.4852669e-01   1.7488820e+00   1.8818699e-01  -7.9027895e-01  -1.6951445e-01
  -4.4250483e-01  -3.9546362e-01   1.4904978e-01   1.7588820e+00   1.9205181e-01  -7.9689317e-01  -1.7009697e-01
  -4.4006521e-01  -3.9784302e-01   1.4958928e-01   1.7688820e+00   1.9622410e-01  -8.0383689e-01  -1.7073320e-01
  -4.3742047e-01  -4.0006010e-01   1.5012195e-01   1.7788820e+00   2.0071781e-01  -8.1113861e-01  -1.7142830e-01
  -4.3465914e-01  -4.0219849e-01   1.5064861e-01   1.7888820e+00   2.0547647e-01  -8.1873328e-01  -1.7213960e-01
  -4.3163785e-01  -4.0419782e-01   1.5119363e-01   1.7988820e+00   2.1066163e-01  -8.2660982e-01  -1.7293848e-01
  -4.2842058e-01  -4.0607193e-01   1.5175172e-01   1.8088820e+00   2.1622008e-01  -8.3472575e-01  -1.7379379e-01
  -4.2493834e-01  -4.0789443e-01   1.5238817e-01   1.8188820e+00   2.2217783e-01  -8.4290985e-01  -1.7474128e-01
  -4.2122172e-01  -4.0959023e-01   1.5306022e-01   1.8288820e+00   2.2850922e-01  -8.5119463e-01  -1.7578290e-01
  -4.1728406e-01  -4.1121187e-01   1.5376270e-01   1.8388820e+00   2.3534642e-01  -8.5962651e-01  -1.7690519e-01
  -4.1312612e-01  -4.1276174e-01   1.5453381e-01   1.8488820e+00   2.4264406e-01  -8.6819782e-01  -1.7807972e-01
  -4.0875990e-01  -4.1422233e-01   1.5537952e-01   1.8588820e+00   2.5044255e-01  -8.7693122e-01  -1.7928373e-01
  -4.0407685e-01  -4.1559073e-01   1.5633137e-01   1.8688820e+00   2.5882989e-01  -8.8583072e-01  -1.8057542e-01
  -3.9920951e-01  -4.1680685e-01   1.5735900e-01   1.8788820e+00   2.6765545e-01  -8.9483544e-01  -1.8188594e-01
  -3.9404564e-01  -4.1796006e-01   1.5846076e-01   1.8888820e+00   2.7718414e-01  -9.0404681e-01  -1.8329508e-01
  -3.8874760e-01  -4.1901170e-01   1.5963963e-01   1.8986810e+00   2.8718414e-01  -9.1319343e-01  -1.8472427e-01
  -3.8352402e-01  -4.1993496e-01   1.6085634e-01   1.9078629e+00   2.9718414e-01  -9.2194159e-01  -1.8611256e-01
  -3.7836328e-01  -4.2072232e-01   1.6207247e-01   1.9164973e+00   3.0718414e-01  -9.3037110e-01  -1.8749128e-01
  -3.7322210e-01  -4.2139612e-01   1.6337256e-01   1.9247258e+00   3.1718414e-01  -9.3861675e-01  -1.8879435e-01
  -3.6810022e-01  -4.2195000e-01   1.6466668e-01   1.9325640e+00   3.2718414e-01  -9.4669422e-01  -1.9010542e-01
  -3.6298613e-01  -4.2243702e-01   1.6600191e-01   1.9401166e+00   3.3718414e-01  -9.5466512e-01  -1.9138737e-01
  -3.5784575e-01  -4.2282439e-01   1.6734830e-01   1.9474214e+00   3.4718414e-01  -9.6261889e-01  -1.9267038e-01
  -3.5262680e-01  -4.2319106e-01   1.6876681e-01   1.9546553e+00   3.5718414e-01  -9.7058172e-01  -1.9395700e-01
  -3.4766822e-01  -4.2346578e-01   1.7015003e-01   1.9618529e+00   3.6718414e-01  -9.7806154e-01  -1.9518342e-01
  -3.4292847e-01  -4.2376895e-01   1.7132854e-01   1.9695219e+00   3.7718414e-01  -9.8577593e-01  -1.9636320e-01
  -3.3818279e-01  -4.2401062e-01   1.7224796e-01   1.9778751e+00   3.8718414e-01  -9.9439881e-01  -1.9751528e-01
  -3.3348584e-01  -4.2431113e-01   1.7279557e-01   1.9870832e+00   3.9718414e-01  -1.0040750e+00  -1.9866727e-01
  -3.2887355e-01  -4.2462262e-01   1.7301435e-01   1.9970832e+00   4.0713051e-01  -1.0147415e+00  -1.9973418e-01
  -3.2474850e-01  -4.2488992e-01   1.7290943e-01   2.0070832e+00   4.1611646e-01  -1.0253300e+00  -2.0062865e-01
  -3.2135253e-01  -4.2516701e-01   1.7236706e-01   2.0170832e+00   4.2407994e-01  -1.0357329e+00  -2.0126576e-01
  -3.1834436e-01  -4.2529150e-01   1.7135831e-01   2.0270832e+00   4.3134544e-01  -1.0461927e+00  -2.0187974e-01
  -3.1589999e-01  -4.2542852e-01   1.7013679e-01   2.0370832e+00   4.3771824e-01  -1.0563091e+00  -2.0221478e-01
  -3.1392727e-01  -4.2559026e-01   1.6872284e-01   2.0470832e+00   4.4362919e-01  -1.0663970e+00  -2.0223021e-01
  -3.1233762e-01  -4.2571977e-01   1.6710143e-01   2.0570832e+00   4.4892541e-01  -1.0765605e+00  -2.0195473e-01
  -3.1121809e-01  -4.2590844e-01   1.6538967e-01   2.0670832e+00   4.5356967e-01  -1.0864853e+00  -2.0132446e-01
  -3.1044477e-01  -4.2603554e-01   1.6351563e-01   2.0770832e+00   4.5770991e-01  -1.0964609e+00  -2.0039161e-01
  -3.1015892e-01  -4.2612777e-01   1.6151317e-01   2.0870832e+00   4.6151379e-01  -1.1061388e+00  -1.9914602e-01
  -3.1011851e-01  -4.2608678e-01   1.5934664e-01   2.0970832e+00   4.6503258e-01  -1.1155263e+00  -1.9785095e-01
  -3.1047089e-01  -4.2603516e-01   1.5691197e-01   2.1070832e+00   4.6818165e-01  -1.1244253e+00  -1.9656990e-01
  -3.1132506e-01  -4.2594688e-01   1.5405615e-01   2.1170832e+00   4.7111405e-01  -1.1329636e+00  -1.9529582e-01
  -3.1270547e-01  -4.2582745e-01   1.5078571e-01   2.1270832e+00   4.7396730e-01  -1.1411483e+00  -1.9400411e-01
  -3.1478197e-01  -4.2566862e-01   1.4695214e-01   2.1370832e+00   4.7659019e-01  -1.1488977e+00  -1.9268853e-01
  -3.1748883e-01  -4.2541999e-01   1.4255043e-01   2.1470832e+00   4.7910242e-01  -1.1564845e+00  -1.9128909e-01
  -3.2086116e-01  -4.2497525e-01   1.3750329e-01   2.1570832e+00   4.8123341e-01  -1.1639647e+00  -1.8976771e-01
  -3.2500998e-01  -4.2437091e-01   1.3196515e-01   2.1670832e+00   4.8328143e-01  -1.1710548e+00  -1.8801753e-01
  -3.2987040e-01  -4.2350227e-01   1.2579389e-01   2.1770832e+00   4.8473820e-01  -1.1777645e+00  -1.8617586e-01
  -3.3566455e-01  -4.2240157e-01   1.1886163e-01   2.1870832e+00   4.8585036e-01  -1.1842072e+00  -1.8410768e-01
  -3.4235820e-01  -4.2089182e-01   1.1130009e-01   2.1970832e+00   4.8671494e-01  -1.1903268e+00  -1.8171745e-01
  -3.4999132e-01  -4.1913552e-01   1.0308748e-01   2.2070832e+00   4.8776778e-01  -1.1962395e+00  -1.7899110e-01
  -3.5875811e-01  -4.1687350e-01   9.3914833e-02   2.2170832e+00   4.8853242e-01  -1.2023859e+00  -1.7571496e-01
  -3.6884375e-01  -4.1387387e-01   8.3458377e-02   2.2270832e+00   4.8944125e-01  -1.2091768e+00  -1.7180597e-01
  -3.8041196e-01  -4.0983341e-01   7.1522374e-02   2.2370832e+00   4.9025472e-01  -1.2172631e+00  -1.6687254e-01
  -3.9387430e-01  -4.0469845e-01   5.7939119e-02   2.2470832e+00   4.9079300e-01  -1.2265388e+00  -1.6065266e-01
  -4.0982067e-01  -3.9683630e-01   4.1681269e-02   2.2570832e+00   4.9085953e-01  -1.2381245e+00  -1.5274278e-01
  -4.2699257e-01  -3.8683630e-01   2.4114351e-02   2.2646265e+00   4.8937651e-01  -1.2511486e+00  -1.4353850e-01
  -4.4120675e-01  -3.7683630e-01   9.7593798e-03   2.2680672e+00   4.8507488e-01  -1.2623986e+00  -1.3496127e-01
  -4.5336652e-01  -3.6683630e-01  -3.0931811e-03   2.2701703e+00   4.7886022e-01  -1.2729255e+00  -1.2734408e-01
  -4.6548793e-01  -3.5683630e-01  -1.4535800e-02   2.2702826e+00   4.7163930e-01  -1.2813600e+00  -1.1940070e-01
  -4.8136475e-01  -3.4683630e-01  -2.9028478e-02   2.2655272e+00   4.5978718e-01  -1.2862578e+00  -1.1144705e-01
  -4.7828947e-01  -3.4629765e-01  -2.6361804e-02   2.2755272e+00   4.5831342e-01  -1.2878724e+00  -1.1132462e-01
  -4.9665562e-01  -3.3742058e-01  -4.1166328e-02   2.2627780e+00   4.4460394e-01  -1.2916737e+00  -1.0132462e-01
  -4.9259873e-01  -3.3828110e-01  -3.6844287e-02   2.2727780e+00   4.4477336e-01  -1.2900049e+00  -1.0255410e-01
  -5.1183049e-01  -3.3024300e-01  -5.2189319e-02   2.2657643e+00   4.2769553e-01  -1.2922189e+00  -9.2554102e-02
  -5.0249024e-01  -3.3170785e-01  -4.4059762e-02   2.2757643e+00   4.3311190e-01  -1.2926967e+00  -9.5680379e-02
  -5.2222871e-01  -3.2497172e-01  -5.9961718e-02   2.2649036e+00   4.1629407e-01  -1.2950002e+00  -8.5680379e-02
  -5.2718389e-01  -3.1497172e-01  -6.4827642e-02   2.2745589e+00   4.0199726e-01  -1.3071116e+00  -7.7636394e-02
  -5.3229299e-01  -3.2114138e-01  -6.8607905e-02   2.2626103e+00   4.0488297e-01  -1.2971116e+00  -8.0088648e-02
  -5.4446334e-01  -3.1214818e-01  -7.8155201e-02   2.2639767e+00   3.8697299e-01  -1.3050078e+00  -7.0088648e-02
  -5.5401190e-01  -3.1637848e-01  -8.5580963e-02   2.2540837e+00   3.8689637e-01  -1.2950078e+00  -7.0516657e-02
  -5.5797080e-01  -3.0637848e-01  -8.8272447e-02   2.2599035e+00   3.7355248e-01  -1.3028232e+00  -6.4169813e-02
  -5.6629654e-01  -3.0857846e-01  -9.7365160e-02   2.2521068e+00   3.6568702e-01  -1.2928232e+00  -6.6061354e-02
  -5.7884178e-01  -3.0147179e-01  -1.0552584e-01   2.2505440e+00   3.4921223e-01  -1.2987338e+00  -5.6061354e-02
  -5.8246075e-01  -3.0421314e-01  -1.1258421e-01   2.2420004e+00   3.3980605e-01  -1.2887338e+00  -6.0488730e-02
  -5.9201199e-01  -2.9843653e-01  -1.1689040e-01   2.2424813e+00   3.2616216e-01  -1.2957803e+00  -5.0488730e-02
  -6.0424080e-01  -2.9430341e-01  -1.3122149e-01   2.2264053e+00   3.0816891e-01  -1.2857803e+00  -5.1553500e-02
  -6.0038440e-01  -2.9697306e-01  -1.2457221e-01   2.2364053e+00   3.0908433e-01  -1.2927807e+00  -4.7237911e-02
  -6.2185894e-01  -2.8999743e-01  -1.3976113e-01   2.2157462e+00   2.7632584e-01  -1.2846973e+00  -3.7237911e-02
  -6.1362048e-01  -2.9177737e-01  -1.3472735e-01   2.2257462e+00   2.8496896e-01  -1.2899953e+00  -4.0575376e-02
  -6.3118860e-01  -2.8697162e-01  -1.4820332e-01   2.2173612e+00   2.4455489e-01  -1.2842407e+00  -3.0575376e-02
  -6.2679987e-01  -2.8769186e-01  -1.4533009e-01   2.2184538e+00   2.5455489e-01  -1.2852035e+00  -3.3646635e-02
  -6.3438143e-01  -2.8169273e-01  -1.5442520e-01   2.1983577e+00   2.4667496e-01  -1.2752035e+00  -3.6366198e-02
  -6.3420596e-01  -2.8412903e-01  -1.5276586e-01   2.2083577e+00   2.4189260e-01  -1.2789817e+00  -3.2880149e-02
  -6.4685417e-01  -2.7796326e-01  -1.6671680e-01   2.1941884e+00   2.1289699e-01  -1.2689817e+00  -3.1264239e-02
  -6.4013029e-01  -2.8141452e-01  -1.5873656e-01   2.2010668e+00   2.2289699e-01  -1.2752363e+00  -3.0695118e-02
  -6.5155436e-01  -2.7613943e-01  -1.6942195e-01   2.1877839e+00   2.0434226e-01  -1.2652363e+00  -2.8934220e-02
  -6.6130341e-01  -2.7461472e-01  -1.7160058e-01   2.1777383e+00   1.8844150e-01  -1.2678475e+00  -1.8934220e-02
  -6.5939274e-01  -2.7254641e-01  -1.7771026e-01   2.1775297e+00   1.8738787e-01  -1.2578475e+00  -2.7816461e-02
  -6.7027934e-01  -2.6950013e-01  -1.8242466e-01   2.1646361e+00   1.6613464e-01  -1.2636270e+00  -1.7816461e-02
  -6.6453599e-01  -2.6625180e-01  -1.8699510e-01   2.1638199e+00   1.6924581e-01  -1.2536270e+00  -2.9762359e-02
  -6.7584889e-01  -2.6610529e-01  -1.9270987e-01   2.1526645e+00   1.4793025e-01  -1.2588875e+00  -1.9762359e-02
  -6.7578320e-01  -2.5610529e-01  -1.9866317e-01   2.1422002e+00   1.3365057e-01  -1.2514123e+00  -2.5576422e-02
  -6.8577364e-01  -2.6513532e-01  -2.0193175e-01   2.1426538e+00   1.3142249e-01  -1.2589603e+00  -1.5576422e-02
  -6.8660256e-01  -2.5513532e-01  -2.0478034e-01   2.1334369e+00   1.1502551e-01  -1.2564510e+00  -1.6874596e-02
  -7.0146382e-01  -2.5978822e-01  -2.1830237e-01   2.1178310e+00   8.3128448e-02  -1.2623292e+00  -6.8745965e-03
  -6.9411494e-01  -2.5249632e-01  -2.1115001e-01   2.1217105e+00   9.3128448e-02  -1.2600152e+00  -1.1601924e-02
  -7.0779678e-01  -2.5091091e-01  -2.2213568e-01   2.1083496e+00   5.9405705e-02  -1.2636632e+00  -1.6019243e-03
  -7.0399774e-01  -2.4091091e-01  -2.1592884e-01   2.1058962e+00   6.2514757e-02  -1.2678750e+00  -2.8184242e-03
  -7.1823016e-01  -2.5259524e-01  -2.3144339e-01   2.0977139e+00   2.8810614e-02  -1.2648204e+00   7.1815758e-03
  -7.1634459e-01  -2.4259524e-01  -2.2762884e-01   2.0953639e+00   2.8173586e-02  -1.2700224e+00   6.4438782e-03
  -7.2749438e-01  -2.4135562e-01  -2.3807746e-01   2.0769436e+00  -1.2162876e-02  -1.2731898e+00   1.6443878e-02
  -7.2464432e-01  -2.4007277e-01  -2.3432200e-01   2.0847167e+00  -2.1628760e-03  -1.2743985e+00   1.4462457e-02
  -7.3590705e-01  -2.3303959e-01  -2.4572634e-01   2.0666596e+00  -4.9513918e-02  -1.2794914e+00   2.4462457e-02
  -7.3393299e-01  -2.3476932e-01  -2.4267249e-01   2.0707797e+00  -3.9513918e-02  -1.2790556e+00   2.3174863e-02
  -7.4063744e-01  -2.3018634e-01  -2.4767850e-01   2.0592291e+00  -7.7611558e-02  -1.2806479e+00   3.3174863e-02
  -7.4004895e-01  -2.3120858e-01  -2.4793442e-01   2.0622225e+00  -6.7611558e-02  -1.2800819e+00   3.0249138e-02
  -7.4989153e-01  -2.2303914e-01  -2.5488215e-01   2.0442773e+00  -1.0314093e-01  -1.2766459e+00   4.0249138e-02
  -7.4670051e-01  -2.2734393e-01  -2.5297626e-01   2.0509801e+00  -9.3140929e-02  -1.2778941e+00   3.7460474e-02
  -7.5088065e-01  -2.2882598e-01  -2.5393554e-01   2.0433599e+00  -1.1760119e-01  -1.2725973e+00   4.7460474e-02
  -7.5178183e-01  -2.2425130e-01  -2.5681105e-01   2.0464682e+00  -1.0760119e-01  -1.2771324e+00   4.1814137e-02
  -7.5620465e-01  -2.2605304e-01  -2.5871848e-01   2.0388455e+00  -1.3275513e-01  -1.2707242e+00   5.1814137e-02
  -7.5699030e-01  -2.1605304e-01  -2.6647604e-01   2.0373520e+00  -1.5893079e-01  -1.2784700e+00   4.9687981e-02
  -7.5996767e-01  -2.2442909e-01  -2.6233941e-01   2.0344199e+00  -1.4893079e-01  -1.2693326e+00   5.6412269e-02
  -7.6738119e-01  -2.2122382e-01  -2.6755294e-01   2.0213811e+00  -1.7070936e-01  -1.2593326e+00   6.4782621e-02
  -7.7198436e-01  -2.2492790e-01  -2.6286260e-01   2.0313811e+00  -1.6134967e-01  -1.2739646e+00   6.9633753e-02
  -7.7305760e-01  -2.2362840e-01  -2.6411927e-01   2.0223142e+00  -1.6807506e-01  -1.2639646e+00   7.2119231e-02
  -7.8341135e-01  -2.2203188e-01  -2.6073985e-01   2.0173176e+00  -1.6330862e-01  -1.2664987e+00   8.2119231e-02
  -7.7341135e-01  -2.2492949e-01  -2.6062079e-01   2.0213530e+00  -1.6387695e-01  -1.2643650e+00   7.4368675e-02
  -7.6663239e-01  -2.2526722e-01  -2.6073684e-01   1.9875897e+00  -1.5387695e-01  -1.2566142e+00   6.4819104e-02
  -7.7050793e-01  -2.2450724e-01  -2.6188392e-01   1.9975897e+00  -1.5884808e-01  -1.2582197e+00   6.8972547e-02
  -7.7128634e-01  -2.2455862e-01  -2.6286885e-01   1.9819312e+00  -1.5827733e-01  -1.2482197e+00   6.9366498e-02
  -7.7393027e-01  -2.2351013e-01  -2.6692251e-01   1.9680153e+00  -1.6027453e-01  -1.2382197e+00   6.9421408e-02
  -7.6960493e-01  -2.2392326e-01  -2.6010332e-01   1.9546235e+00  -1.5680050e-01  -1.2282197e+00   7.1020800e-02
  -7.9605216e-01  -2.2636041e-01  -2.9835987e-01   1.9347941e+00  -1.6653476e-01  -1.2182197e+00   6.6827437e-02
  -7.8875915e-01  -2.2539262e-01  -2.8835987e-01   1.9363902e+00  -1.6392693e-01  -1.2186651e+00   6.7700514e-02
  -7.8151052e-01  -2.2483198e-01  -2.7835987e-01   1.9323807e+00  -1.6138152e-01  -1.2149236e+00   6.9038042e-02
  -7.7525050e-01  -2.2493707e-01  -2.6984865e-01   1.9179343e+00  -1.5922819e-01  -1.2049236e+00   7.0667184e-02
  -7.7410795e-01  -2.2444777e-01  -2.6871454e-01   1.9052319e+00  -1.5940174e-01  -1.1949236e+00   7.1255892e-02
  -7.7420424e-01  -2.2461779e-01  -2.6938522e-01   1.8914553e+00  -1.5964698e-01  -1.1849236e+00   7.1565610e-02
  -7.7386605e-01  -2.2545972e-01  -2.6902986e-01   1.8776146e+00  -1.5970258e-01  -1.1749236e+00   7.2499198e-02
  -7.7397320e-01  -2.2475208e-01  -2.6871810e-01   1.8632961e+00  -1.5924737e-01  -1.1649236e+00   7.3196292e-02
  -7.7400627e-01  -2.2470262e-01  -2.6949346e-01   1.8497200e+00  -1.5999518e-01  -1.1549236e+00   7.3420409e-02
  -7.7382485e-01  -2.2393355e-01  -2.6948203e-01   1.8350782e+00  -1.5966820e-01  -1.1449236e+00   7.3585326e-02
  -7.7452167e-01  -2.2340518e-01  -2.7043247e-01   1.8217739e+00  -1.5931723e-01  -1.1349236e+00   7.3793975e-02
  -7.7412356e-01  -2.2306527e-01  -2.7056332e-01   1.8102381e+00  -1.6091915e-01  -1.1249236e+00   7.4447031e-02
  -7.7498752e-01  -2.2294562e-01  -2.7171179e-01   1.7996911e+00  -1.6321359e-01  -1.1149236e+00   7.5623226e-02
  -7.7446199e-01  -2.2182397e-01  -2.7242650e-01   1.7866451e+00  -1.6598398e-01  -1.1049236e+00   7.5686374e-02
  -7.7385510e-01  -2.2282482e-01  -2.7214788e-01   1.7748344e+00  -1.6827354e-01  -1.0949236e+00   7.7114690e-02
  -7.7417752e-01  -2.2291191e-01  -2.7299074e-01   1.7627942e+00  -1.7211551e-01  -1.0849236e+00   7.8523006e-02
  -7.7392102e-01  -2.2296357e-01  -2.7326378e-01   1.7520448e+00  -1.7401379e-01  -1.0749236e+00   7.9466969e-02
  -7.7380681e-01  -2.2324985e-01  -2.7342881e-01   1.7401818e+00  -1.7557805e-01  -1.0649236e+00   8.0558767e-02
  -7.7350977e-01  -2.2366731e-01  -2.7330981e-01   1.7287950e+00  -1.7646705e-01  -1.0549236e+00   8.1630704e-02
  -7.7390882e-01  -2.2389544e-01  -2.7336960e-01   1.7149395e+00  -1.7680309e-01  -1.0449236e+00   8.2822288e-02
  -7.7395006e-01  -2.2391218e-01  -2.7361803e-01   1.6998843e+00  -1.7714507e-01  -1.0349236e+00   8.3400052e-02
  -7.7345811e-01  -2.2379846e-01  -2.7303933e-01   1.6833521e+00  -1.7731639e-01  -1.0249236e+00   8.4139954e-02
  -7.7283464e-01  -2.2338487e-01  -2.7236832e-01   1.6664964e+00  -1.7763056e-01  -1.0149236e+00   8.4797776e-02
  -7.7467265e-01  -2.2262346e-01  -2.7322543e-01   1.6487083e+00  -1.7883203e-01  -1.0049236e+00   8.6222722e-02
  -7.6793627e-01  -2.2735224e-01  -2.7012058e-01   1.6406988e+00  -1.8588302e-01  -9.9492362e-01   8.7700200e-02
  -7.8335241e-01  -2.1746243e-01  -2.7902387e-01   1.6275538e+00  -1.7588302e-01  -9.9562854e-01   8.6120092e-02
  -7.7335241e-01  -2.2324054e-01  -2.7378187e-01   1.6267016e+00  -1.8532903e-01  -9.8590108e-01   8.8277695e-02
  -7.7296074e-01  -2.2376781e-01  -2.7429166e-01   1.6175749e+00  -1.8983341e-01  -9.7590108e-01   8.9818277e-02
  -7.7292026e-01  -2.2377016e-01  -2.7452108e-01   1.6087568e+00  -1.9379996e-01  -9.6590108e-01   9.1672027e-02
  -7.7254653e-01  -2.2392242e-01  -2.7458968e-01   1.6013023e+00  -1.9695349e-01  -9.5590108e-01   9.3294967e-02
  -7.7246328e-01  -2.2401227e-01  -2.7505479e-01   1.5938106e+00  -2.0054816e-01  -9.4590108e-01   9.4866538e-02
  -7.7222232e-01  -2.2385027e-01  -2.7464819e-01   1.5867947e+00  -2.0348025e-01  -9.3590108e-01   9.6952867e-02
  -7.7207431e-01  -2.2380423e-01  -2.7431153e-01   1.5796624e+00  -2.0599124e-01  -9.2590108e-01   9.8964224e-02
  -7.7206083e-01  -2.2372718e-01  -2.7420623e-01   1.5722192e+00  -2.0844366e-01  -9.1590108e-01   1.0081577e-01
  -7.7191429e-01  -2.2357969e-01  -2.7388997e-01   1.5647311e+00  -2.1076198e-01  -9.0590108e-01   1.0270695e-01
  -7.7209007e-01  -2.2339148e-01  -2.7347808e-01   1.5576394e+00  -2.1356621e-01  -8.9590108e-01   1.0507056e-01
  -7.7174938e-01  -2.2303134e-01  -2.7301428e-01   1.5504495e+00  -2.1631738e-01  -8.8590108e-01   1.0699286e-01
  -7.7197949e-01  -2.2272944e-01  -2.7244914e-01   1.5431285e+00  -2.1842100e-01  -8.7590108e-01   1.0934382e-01
  -7.7192095e-01  -2.2215584e-01  -2.7179882e-01   1.5356670e+00  -2.2071596e-01  -8.6590108e-01   1.1149833e-01
  -7.7204303e-01  -2.2167603e-01  -2.7124641e-01   1.5275402e+00  -2.2298119e-01  -8.5590108e-01   1.1368017e-01
  -7.7186588e-01  -2.2057724e-01  -2.7043913e-01   1.5184656e+00  -2.2507086e-01  -8.4590108e-01   1.1563219e-01
  -7.7174464e-01  -2.1882103e-01  -2.6979276e-01   1.5073505e+00  -2.2663987e-01  -8.3590108e-01   1.1711339e-01
  -7.7169277e-01  -2.1603065e-01  -2.6894370e-01   1.4944322e+00  -2.2760970e-01  -8.2590108e-01   1.1840149e-01
  -7.7152329e-01  -2.1220033e-01  -2.6767180e-01   1.4782077e+00  -2.2750312e-01  -8.1590108e-01   1.1941707e-01
  -7.7203458e-01  -2.0521705e-01  -2.6693291e-01   1.4575634e+00  -2.2556456e-01  -8.0590108e-01   1.1915332e-01
  -7.7212794e-01  -1.9521705e-01  -2.6538438e-01   1.4346663e+00  -2.2165465e-01  -7.9857035e-01   1.1774845e-01
  -7.7372143e-01  -1.8521705e-01  -2.6881763e-01   1.4023038e+00  -2.1541136e-01  -7.9312604e-01   1.1135585e-01
  -7.7220711e-01  -1.8719270e-01  -2.6616234e-01   1.4123038e+00  -2.1763983e-01  -7.9321796e-01   1.1427599e-01
  -7.7250727e-01  -1.7719270e-01  -2.6602277e-01   1.3959951e+00  -2.1462814e-01  -7.8680106e-01   1.1185468e-01
  -7.7058013e-01  -1.7337773e-01  -2.5786463e-01   1.3551984e+00  -2.1449827e-01  -7.7680106e-01   1.1726651e-01
  -7.7081405e-01  -1.7186000e-01  -2.6045803e-01   1.3651984e+00  -2.1388855e-01  -7.7815961e-01   1.1451208e-01
  -7.7120942e-01  -1.6186000e-01  -2.6396280e-01   1.3658368e+00  -2.1011598e-01  -7.7615690e-01   1.0834713e-01
  -7.7262314e-01  -1.5726647e-01  -2.5848231e-01   1.3358733e+00  -2.0807884e-01  -7.6615690e-01   1.1348293e-01
  -7.6845633e-01  -1.5198582e-01  -2.6177982e-01   1.3458733e+00  -2.0629650e-01  -7.7106800e-01   1.0507260e-01
  -7.7002022e-01  -1.4801710e-01  -2.5865193e-01   1.3216220e+00  -2.0386231e-01  -7.6106800e-01   1.0821925e-01
  -7.6861542e-01  -1.3801710e-01  -2.6000912e-01   1.3136990e+00  -2.0271269e-01  -7.5790913e-01   1.0327648e-01
  -7.6960418e-01  -1.4061056e-01  -2.5758267e-01   1.2993945e+00  -2.0226854e-01  -7.4790913e-01   1.0766812e-01
  -7.6810293e-01  -1.3061056e-01  -2.5868930e-01   1.2927738e+00  -2.0366939e-01  -7.4480984e-01   1.0363418e-01
  -7.6780109e-01  -1.3030141e-01  -2.5731496e-01   1.2808621e+00  -2.0261539e-01  -7.3480984e-01   1.0525998e-01
  -7.6886430e-01  -1.2538560e-01  -2.5828441e-01   1.2665888e+00  -2.0174402e-01  -7.2480984e-01   1.0438956e-01
  -7.6827570e-01  -1.2280666e-01  -2.5627508e-01   1.2588334e+00  -2.0562238e-01  -7.1480984e-01   1.0735819e-01
  -7.6742491e-01  -1.2231877e-01  -2.5758415e-01   1.2483354e+00  -2.0771038e-01  -7.0480984e-01   1.0661516e-01
  -7.6902823e-01  -1.2057552e-01  -2.5748098e-01   1.2394101e+00  -2.1033015e-01  -6.9480984e-01   1.0900411e-01
  -7.6907122e-01  -1.1917295e-01  -2.5764775e-01   1.2308660e+00  -2.1229338e-01  -6.8480984e-01   1.0991869e-01
  -7.6981322e-01  -1.1952333e-01  -2.5744472e-01   1.2239946e+00  -2.1613808e-01  -6.7480984e-01   1.1256001e-01
  -7.7120578e-01  -1.1984502e-01  -2.5756452e-01   1.2192550e+00  -2.1963556e-01  -6.6480984e-01   1.1530195e-01
  -7.7126851e-01  -1.1874610e-01  -2.5617899e-01   1.2181470e+00  -2.2536127e-01  -6.5480984e-01   1.1890850e-01
  -7.7162929e-01  -1.2010025e-01  -2.5354735e-01   1.2184493e+00  -2.3160500e-01  -6.4480984e-01   1.2454493e-01
  -7.7051346e-01  -1.1990645e-01  -2.5123710e-01   1.2175504e+00  -2.3723900e-01  -6.3480984e-01   1.2827315e-01
  -7.7131836e-01  -1.2062549e-01  -2.5004017e-01   1.2184314e+00  -2.4423339e-01  -6.2480984e-01   1.3256678e-01
  -7.7321720e-01  -1.2228108e-01  -2.4989518e-01   1.2188954e+00  -2.5108355e-01  -6.1480984e-01   1.3658973e-01
